photo_id|owner_id|page_id|camera|camera_type|filename|data
2334952906|70202166@N00|8106|Nikon D3|Nikon|70202166@N00_Nikon_8107bacf.json|"{""id"": ""2334952906"", ""owner"": ""70202166@N00"", ""title"": ""DSC_1655"", ""realname"": """", ""ownername"": ""黑麵之路‧不由分說"", ""datetaken"": ""2008-03-14 18:47:09"", ""max_width"": 4256, ""max_height"": 2832, ""url_max"": ""https://live.staticflickr.com/3178/2334952906_f40956e3d1_o.jpg"", ""max_width_2000"": 1600, ""max_height_2000"": 1065, ""url_max_2000"": ""https://live.staticflickr.com/3178/2334952906_ba72c17764_h.jpg"", ""flickr_page"": ""https://www.flickr.com/photos/70202166@N00/2334952906"", ""camera"": ""Nikon D3"", ""create_date"": ""2008:03:14 18:47:09"", ""lens_model"": """", ""iso"": ""800"", ""exposure_time"": ""1/320"", ""exposure_program"": ""Manual"", ""exposure_compensation"": ""0"", ""aperture"": ""3.2"", ""focal_length"": ""200.0 mm"", ""focal_length_in35mm"": ""200 mm"", ""white_balance"": ""Auto"", ""metering_mode"": ""Multi-segment"", ""flash"": ""No Flash"", ""pageid"": ""8106""}"
2334964324|70202166@N00|8106|Nikon D3|Nikon|70202166@N00_Nikon_8107bacf.json|"{""id"": ""2334964324"", ""owner"": ""70202166@N00"", ""title"": ""DSC_1660"", ""realname"": """", ""ownername"": ""黑麵之路‧不由分說"", ""datetaken"": ""2008-03-14 18:47:09"", ""max_width"": 4256, ""max_height"": 2832, ""url_max"": ""https://live.staticflickr.com/2024/2334964324_85ca4df93b_o.jpg"", ""max_width_2000"": 1600, ""max_height_2000"": 1065, ""url_max_2000"": ""https://live.staticflickr.com/2024/2334964324_ff06508741_h.jpg"", ""flickr_page"": ""https://www.flickr.com/photos/70202166@N00/2334964324"", ""camera"": ""Nikon D3"", ""create_date"": ""2008:03:14 18:47:09"", ""lens_model"": """", ""iso"": ""800"", ""exposure_time"": ""1/320"", ""exposure_program"": ""Manual"", ""exposure_compensation"": ""0"", ""aperture"": ""3.2"", ""focal_length"": ""200.0 mm"", ""focal_length_in35mm"": ""200 mm"", ""white_balance"": ""Auto"", ""metering_mode"": ""Multi-segment"", ""flash"": ""No Flash"", ""pageid"": ""8106""}"
2334089247|70202166@N00|8107|Nikon D3|Nikon|70202166@N00_Nikon_8107bacf.json|"{""id"": ""2334089247"", ""owner"": ""70202166@N00"", ""title"": ""DSC_1590"", ""realname"": """", ""ownername"": ""黑麵之路‧不由分說"", ""datetaken"": ""2008-03-14 18:44:17"", ""max_width"": 2784, ""max_height"": 1848, ""url_max"": ""https://live.staticflickr.com/2320/2334089247_34c65b3873_3k.jpg"", ""max_width_2000"": 1600, ""max_height_2000"": 1062, ""url_max_2000"": ""https://live.staticflickr.com/2320/2334089247_5c1294e8db_h.jpg"", ""flickr_page"": ""https://www.flickr.com/photos/70202166@N00/2334089247"", ""camera"": ""Nikon D3"", ""create_date"": ""2008:03:14 18:44:17"", ""lens_model"": """", ""iso"": ""800"", ""exposure_time"": ""1/200"", ""exposure_program"": ""Manual"", ""exposure_compensation"": ""0"", ""aperture"": ""3.2"", ""focal_length"": ""200.0 mm"", ""focal_length_in35mm"": ""300 mm"", ""white_balance"": ""Auto"", ""metering_mode"": ""Multi-segment"", ""flash"": ""No Flash"", ""pageid"": ""8107""}"
2334087099|70202166@N00|8107|Nikon D3|Nikon|70202166@N00_Nikon_8107bacf.json|"{""id"": ""2334087099"", ""owner"": ""70202166@N00"", ""title"": ""DSC_1588"", ""realname"": """", ""ownername"": ""黑麵之路‧不由分說"", ""datetaken"": ""2008-03-14 18:44:16"", ""max_width"": 2784, ""max_height"": 1848, ""url_max"": ""https://live.staticflickr.com/2017/2334087099_57fe042234_3k.jpg"", ""max_width_2000"": 1600, ""max_height_2000"": 1062, ""url_max_2000"": ""https://live.staticflickr.com/2017/2334087099_efaee63e2f_h.jpg"", ""flickr_page"": ""https://www.flickr.com/photos/70202166@N00/2334087099"", ""camera"": ""Nikon D3"", ""create_date"": ""2008:03:14 18:44:16"", ""lens_model"": """", ""iso"": ""800"", ""exposure_time"": ""1/200"", ""exposure_program"": ""Manual"", ""exposure_compensation"": ""0"", ""aperture"": ""3.2"", ""focal_length"": ""200.0 mm"", ""focal_length_in35mm"": ""300 mm"", ""white_balance"": ""Auto"", ""metering_mode"": ""Multi-segment"", ""flash"": ""No Flash"", ""pageid"": ""8107""}"
2334094541|70202166@N00|8107|Nikon D3|Nikon|70202166@N00_Nikon_8107bacf.json|"{""id"": ""2334094541"", ""owner"": ""70202166@N00"", ""title"": ""DSC_1596"", ""realname"": """", ""ownername"": ""黑麵之路‧不由分說"", ""datetaken"": ""2008-03-14 18:44:54"", ""max_width"": 2784, ""max_height"": 1848, ""url_max"": ""https://live.staticflickr.com/3106/2334094541_2b9936dcbf_3k.jpg"", ""max_width_2000"": 1600, ""max_height_2000"": 1062, ""url_max_2000"": ""https://live.staticflickr.com/3106/2334094541_52ef28dd77_h.jpg"", ""flickr_page"": ""https://www.flickr.com/photos/70202166@N00/2334094541"", ""camera"": ""Nikon D3"", ""create_date"": ""2008:03:14 18:44:54"", ""lens_model"": """", ""iso"": ""800"", ""exposure_time"": ""1/200"", ""exposure_program"": ""Manual"", ""exposure_compensation"": ""0"", ""aperture"": ""3.2"", ""focal_length"": ""200.0 mm"", ""focal_length_in35mm"": ""300 mm"", ""white_balance"": ""Auto"", ""metering_mode"": ""Multi-segment"", ""flash"": ""No Flash"", ""pageid"": ""8107""}"
2334098809|70202166@N00|8107|Nikon D3|Nikon|70202166@N00_Nikon_8107bacf.json|"{""id"": ""2334098809"", ""owner"": ""70202166@N00"", ""title"": ""DSC_1601"", ""realname"": """", ""ownername"": ""黑麵之路‧不由分說"", ""datetaken"": ""2008-03-14 18:44:55"", ""max_width"": 2784, ""max_height"": 1848, ""url_max"": ""https://live.staticflickr.com/2051/2334098809_a6f0e40e24_3k.jpg"", ""max_width_2000"": 1600, ""max_height_2000"": 1062, ""url_max_2000"": ""https://live.staticflickr.com/2051/2334098809_ca5b802e4b_h.jpg"", ""flickr_page"": ""https://www.flickr.com/photos/70202166@N00/2334098809"", ""camera"": ""Nikon D3"", ""create_date"": ""2008:03:14 18:44:55"", ""lens_model"": """", ""iso"": ""800"", ""exposure_time"": ""1/200"", ""exposure_program"": ""Manual"", ""exposure_compensation"": ""0"", ""aperture"": ""3.2"", ""focal_length"": ""200.0 mm"", ""focal_length_in35mm"": ""300 mm"", ""white_balance"": ""Auto"", ""metering_mode"": ""Multi-segment"", ""flash"": ""No Flash"", ""pageid"": ""8107""}"
2334096993|70202166@N00|8107|Nikon D3|Nikon|70202166@N00_Nikon_8107bacf.json|"{""id"": ""2334096993"", ""owner"": ""70202166@N00"", ""title"": ""DSC_1599"", ""realname"": """", ""ownername"": ""黑麵之路‧不由分說"", ""datetaken"": ""2008-03-14 18:44:55"", ""max_width"": 2784, ""max_height"": 1848, ""url_max"": ""https://live.staticflickr.com/3004/2334096993_9d58358161_3k.jpg"", ""max_width_2000"": 1600, ""max_height_2000"": 1062, ""url_max_2000"": ""https://live.staticflickr.com/3004/2334096993_25d220aca1_h.jpg"", ""flickr_page"": ""https://www.flickr.com/photos/70202166@N00/2334096993"", ""camera"": ""Nikon D3"", ""create_date"": ""2008:03:14 18:44:55"", ""lens_model"": """", ""iso"": ""800"", ""exposure_time"": ""1/200"", ""exposure_program"": ""Manual"", ""exposure_compensation"": ""0"", ""aperture"": ""3.2"", ""focal_length"": ""200.0 mm"", ""focal_length_in35mm"": ""300 mm"", ""white_balance"": ""Auto"", ""metering_mode"": ""Multi-segment"", ""flash"": ""No Flash"", ""pageid"": ""8107""}"
2334093665|70202166@N00|8107|Nikon D3|Nikon|70202166@N00_Nikon_8107bacf.json|"{""id"": ""2334093665"", ""owner"": ""70202166@N00"", ""title"": ""DSC_1595"", ""realname"": """", ""ownername"": ""黑麵之路‧不由分說"", ""datetaken"": ""2008-03-14 18:44:54"", ""max_width"": 2784, ""max_height"": 1848, ""url_max"": ""https://live.staticflickr.com/3100/2334093665_5c0215b8fa_3k.jpg"", ""max_width_2000"": 1600, ""max_height_2000"": 1062, ""url_max_2000"": ""https://live.staticflickr.com/3100/2334093665_85ef3b22e3_h.jpg"", ""flickr_page"": ""https://www.flickr.com/photos/70202166@N00/2334093665"", ""camera"": ""Nikon D3"", ""create_date"": ""2008:03:14 18:44:54"", ""lens_model"": """", ""iso"": ""800"", ""exposure_time"": ""1/200"", ""exposure_program"": ""Manual"", ""exposure_compensation"": ""0"", ""aperture"": ""3.2"", ""focal_length"": ""200.0 mm"", ""focal_length_in35mm"": ""300 mm"", ""white_balance"": ""Auto"", ""metering_mode"": ""Multi-segment"", ""flash"": ""No Flash"", ""pageid"": ""8107""}"
2334101463|70202166@N00|8107|Nikon D3|Nikon|70202166@N00_Nikon_8107bacf.json|"{""id"": ""2334101463"", ""owner"": ""70202166@N00"", ""title"": ""DSC_1607"", ""realname"": """", ""ownername"": ""黑麵之路‧不由分說"", ""datetaken"": ""2008-03-14 18:44:56"", ""max_width"": 2784, ""max_height"": 1848, ""url_max"": ""https://live.staticflickr.com/2021/2334101463_f713f0c61c_3k.jpg"", ""max_width_2000"": 1600, ""max_height_2000"": 1062, ""url_max_2000"": ""https://live.staticflickr.com/2021/2334101463_bba200f419_h.jpg"", ""flickr_page"": ""https://www.flickr.com/photos/70202166@N00/2334101463"", ""camera"": ""Nikon D3"", ""create_date"": ""2008:03:14 18:44:56"", ""lens_model"": """", ""iso"": ""800"", ""exposure_time"": ""1/200"", ""exposure_program"": ""Manual"", ""exposure_compensation"": ""0"", ""aperture"": ""3.2"", ""focal_length"": ""200.0 mm"", ""focal_length_in35mm"": ""300 mm"", ""white_balance"": ""Auto"", ""metering_mode"": ""Multi-segment"", ""flash"": ""No Flash"", ""pageid"": ""8107""}"
2334083183|70202166@N00|8107|Nikon D3|Nikon|70202166@N00_Nikon_8107bacf.json|"{""id"": ""2334083183"", ""owner"": ""70202166@N00"", ""title"": ""DSC_1584"", ""realname"": """", ""ownername"": ""黑麵之路‧不由分說"", ""datetaken"": ""2008-03-14 18:44:16"", ""max_width"": 2784, ""max_height"": 1848, ""url_max"": ""https://live.staticflickr.com/3065/2334083183_408781460a_3k.jpg"", ""max_width_2000"": 1600, ""max_height_2000"": 1062, ""url_max_2000"": ""https://live.staticflickr.com/3065/2334083183_0205d2fa84_h.jpg"", ""flickr_page"": ""https://www.flickr.com/photos/70202166@N00/2334083183"", ""camera"": ""Nikon D3"", ""create_date"": ""2008:03:14 18:44:16"", ""lens_model"": """", ""iso"": ""800"", ""exposure_time"": ""1/200"", ""exposure_program"": ""Manual"", ""exposure_compensation"": ""0"", ""aperture"": ""3.2"", ""focal_length"": ""200.0 mm"", ""focal_length_in35mm"": ""300 mm"", ""white_balance"": ""Auto"", ""metering_mode"": ""Multi-segment"", ""flash"": ""No Flash"", ""pageid"": ""8107""}"
2334084139|70202166@N00|8107|Nikon D3|Nikon|70202166@N00_Nikon_8107bacf.json|"{""id"": ""2334084139"", ""owner"": ""70202166@N00"", ""title"": ""DSC_1585"", ""realname"": """", ""ownername"": ""黑麵之路‧不由分說"", ""datetaken"": ""2008-03-14 18:44:16"", ""max_width"": 2784, ""max_height"": 1848, ""url_max"": ""https://live.staticflickr.com/2357/2334084139_9f59afacaf_3k.jpg"", ""max_width_2000"": 1600, ""max_height_2000"": 1062, ""url_max_2000"": ""https://live.staticflickr.com/2357/2334084139_f5106f4c1d_h.jpg"", ""flickr_page"": ""https://www.flickr.com/photos/70202166@N00/2334084139"", ""camera"": ""Nikon D3"", ""create_date"": ""2008:03:14 18:44:16"", ""lens_model"": """", ""iso"": ""800"", ""exposure_time"": ""1/200"", ""exposure_program"": ""Manual"", ""exposure_compensation"": ""0"", ""aperture"": ""3.2"", ""focal_length"": ""200.0 mm"", ""focal_length_in35mm"": ""300 mm"", ""white_balance"": ""Auto"", ""metering_mode"": ""Multi-segment"", ""flash"": ""No Flash"", ""pageid"": ""8107""}"
2334085103|70202166@N00|8107|Nikon D3|Nikon|70202166@N00_Nikon_8107bacf.json|"{""id"": ""2334085103"", ""owner"": ""70202166@N00"", ""title"": ""DSC_1586"", ""realname"": """", ""ownername"": ""黑麵之路‧不由分說"", ""datetaken"": ""2008-03-14 18:44:16"", ""max_width"": 2784, ""max_height"": 1848, ""url_max"": ""https://live.staticflickr.com/2361/2334085103_c50fe5a650_3k.jpg"", ""max_width_2000"": 1600, ""max_height_2000"": 1062, ""url_max_2000"": ""https://live.staticflickr.com/2361/2334085103_e434e36a51_h.jpg"", ""flickr_page"": ""https://www.flickr.com/photos/70202166@N00/2334085103"", ""camera"": ""Nikon D3"", ""create_date"": ""2008:03:14 18:44:16"", ""lens_model"": """", ""iso"": ""800"", ""exposure_time"": ""1/200"", ""exposure_program"": ""Manual"", ""exposure_compensation"": ""0"", ""aperture"": ""3.2"", ""focal_length"": ""200.0 mm"", ""focal_length_in35mm"": ""300 mm"", ""white_balance"": ""Auto"", ""metering_mode"": ""Multi-segment"", ""flash"": ""No Flash"", ""pageid"": ""8107""}"
2334104079|70202166@N00|8107|Nikon D3|Nikon|70202166@N00_Nikon_8107bacf.json|"{""id"": ""2334104079"", ""owner"": ""70202166@N00"", ""title"": ""DSC_1611"", ""realname"": """", ""ownername"": ""黑麵之路‧不由分說"", ""datetaken"": ""2008-03-14 18:44:56"", ""max_width"": 2784, ""max_height"": 1848, ""url_max"": ""https://live.staticflickr.com/3036/2334104079_a1197570a7_3k.jpg"", ""max_width_2000"": 1600, ""max_height_2000"": 1062, ""url_max_2000"": ""https://live.staticflickr.com/3036/2334104079_5a83686a33_h.jpg"", ""flickr_page"": ""https://www.flickr.com/photos/70202166@N00/2334104079"", ""camera"": ""Nikon D3"", ""create_date"": ""2008:03:14 18:44:56"", ""lens_model"": """", ""iso"": ""800"", ""exposure_time"": ""1/200"", ""exposure_program"": ""Manual"", ""exposure_compensation"": ""0"", ""aperture"": ""3.2"", ""focal_length"": ""200.0 mm"", ""focal_length_in35mm"": ""300 mm"", ""white_balance"": ""Auto"", ""metering_mode"": ""Multi-segment"", ""flash"": ""No Flash"", ""pageid"": ""8107""}"
2334918286|70202166@N00|8107|Nikon D3|Nikon|70202166@N00_Nikon_8107bacf.json|"{""id"": ""2334918286"", ""owner"": ""70202166@N00"", ""title"": ""DSC_1592"", ""realname"": """", ""ownername"": ""黑麵之路‧不由分說"", ""datetaken"": ""2008-03-14 18:44:17"", ""max_width"": 2784, ""max_height"": 1848, ""url_max"": ""https://live.staticflickr.com/2295/2334918286_d9c329b671_3k.jpg"", ""max_width_2000"": 1600, ""max_height_2000"": 1062, ""url_max_2000"": ""https://live.staticflickr.com/2295/2334918286_0dcd4a94fd_h.jpg"", ""flickr_page"": ""https://www.flickr.com/photos/70202166@N00/2334918286"", ""camera"": ""Nikon D3"", ""create_date"": ""2008:03:14 18:44:17"", ""lens_model"": """", ""iso"": ""800"", ""exposure_time"": ""1/200"", ""exposure_program"": ""Manual"", ""exposure_compensation"": ""0"", ""aperture"": ""3.2"", ""focal_length"": ""200.0 mm"", ""focal_length_in35mm"": ""300 mm"", ""white_balance"": ""Auto"", ""metering_mode"": ""Multi-segment"", ""flash"": ""No Flash"", ""pageid"": ""8107""}"
2334104903|70202166@N00|8107|Nikon D3|Nikon|70202166@N00_Nikon_8107bacf.json|"{""id"": ""2334104903"", ""owner"": ""70202166@N00"", ""title"": ""DSC_1612"", ""realname"": """", ""ownername"": ""黑麵之路‧不由分說"", ""datetaken"": ""2008-03-14 18:44:56"", ""max_width"": 2784, ""max_height"": 1848, ""url_max"": ""https://live.staticflickr.com/2112/2334104903_75d932f5b3_3k.jpg"", ""max_width_2000"": 1600, ""max_height_2000"": 1062, ""url_max_2000"": ""https://live.staticflickr.com/2112/2334104903_c6e2e72e9b_h.jpg"", ""flickr_page"": ""https://www.flickr.com/photos/70202166@N00/2334104903"", ""camera"": ""Nikon D3"", ""create_date"": ""2008:03:14 18:44:56"", ""lens_model"": """", ""iso"": ""800"", ""exposure_time"": ""1/200"", ""exposure_program"": ""Manual"", ""exposure_compensation"": ""0"", ""aperture"": ""3.2"", ""focal_length"": ""200.0 mm"", ""focal_length_in35mm"": ""300 mm"", ""white_balance"": ""Auto"", ""metering_mode"": ""Multi-segment"", ""flash"": ""No Flash"", ""pageid"": ""8107""}"
2334913358|70202166@N00|8107|Nikon D3|Nikon|70202166@N00_Nikon_8107bacf.json|"{""id"": ""2334913358"", ""owner"": ""70202166@N00"", ""title"": ""DSC_1587"", ""realname"": """", ""ownername"": ""黑麵之路‧不由分說"", ""datetaken"": ""2008-03-14 18:44:16"", ""max_width"": 2784, ""max_height"": 1848, ""url_max"": ""https://live.staticflickr.com/2152/2334913358_228d1fe9ea_3k.jpg"", ""max_width_2000"": 1600, ""max_height_2000"": 1062, ""url_max_2000"": ""https://live.staticflickr.com/2152/2334913358_3c87a6f919_h.jpg"", ""flickr_page"": ""https://www.flickr.com/photos/70202166@N00/2334913358"", ""camera"": ""Nikon D3"", ""create_date"": ""2008:03:14 18:44:16"", ""lens_model"": """", ""iso"": ""800"", ""exposure_time"": ""1/200"", ""exposure_program"": ""Manual"", ""exposure_compensation"": ""0"", ""aperture"": ""3.2"", ""focal_length"": ""200.0 mm"", ""focal_length_in35mm"": ""300 mm"", ""white_balance"": ""Auto"", ""metering_mode"": ""Multi-segment"", ""flash"": ""No Flash"", ""pageid"": ""8107""}"
2334917392|70202166@N00|8107|Nikon D3|Nikon|70202166@N00_Nikon_8107bacf.json|"{""id"": ""2334917392"", ""owner"": ""70202166@N00"", ""title"": ""DSC_1591"", ""realname"": """", ""ownername"": ""黑麵之路‧不由分說"", ""datetaken"": ""2008-03-14 18:44:17"", ""max_width"": 2784, ""max_height"": 1848, ""url_max"": ""https://live.staticflickr.com/2069/2334917392_77209e6ebf_3k.jpg"", ""max_width_2000"": 1600, ""max_height_2000"": 1062, ""url_max_2000"": ""https://live.staticflickr.com/2069/2334917392_b67712670e_h.jpg"", ""flickr_page"": ""https://www.flickr.com/photos/70202166@N00/2334917392"", ""camera"": ""Nikon D3"", ""create_date"": ""2008:03:14 18:44:17"", ""lens_model"": """", ""iso"": ""800"", ""exposure_time"": ""1/200"", ""exposure_program"": ""Manual"", ""exposure_compensation"": ""0"", ""aperture"": ""3.2"", ""focal_length"": ""200.0 mm"", ""focal_length_in35mm"": ""300 mm"", ""white_balance"": ""Auto"", ""metering_mode"": ""Multi-segment"", ""flash"": ""No Flash"", ""pageid"": ""8107""}"
2334923292|70202166@N00|8107|Nikon D3|Nikon|70202166@N00_Nikon_8107bacf.json|"{""id"": ""2334923292"", ""owner"": ""70202166@N00"", ""title"": ""DSC_1598"", ""realname"": """", ""ownername"": ""黑麵之路‧不由分說"", ""datetaken"": ""2008-03-14 18:44:55"", ""max_width"": 2784, ""max_height"": 1848, ""url_max"": ""https://live.staticflickr.com/3037/2334923292_5338accdbd_3k.jpg"", ""max_width_2000"": 1600, ""max_height_2000"": 1062, ""url_max_2000"": ""https://live.staticflickr.com/3037/2334923292_a75f28e152_h.jpg"", ""flickr_page"": ""https://www.flickr.com/photos/70202166@N00/2334923292"", ""camera"": ""Nikon D3"", ""create_date"": ""2008:03:14 18:44:55"", ""lens_model"": """", ""iso"": ""800"", ""exposure_time"": ""1/200"", ""exposure_program"": ""Manual"", ""exposure_compensation"": ""0"", ""aperture"": ""3.2"", ""focal_length"": ""200.0 mm"", ""focal_length_in35mm"": ""300 mm"", ""white_balance"": ""Auto"", ""metering_mode"": ""Multi-segment"", ""flash"": ""No Flash"", ""pageid"": ""8107""}"
2334915366|70202166@N00|8107|Nikon D3|Nikon|70202166@N00_Nikon_8107bacf.json|"{""id"": ""2334915366"", ""owner"": ""70202166@N00"", ""title"": ""DSC_1589"", ""realname"": """", ""ownername"": ""黑麵之路‧不由分說"", ""datetaken"": ""2008-03-14 18:44:16"", ""max_width"": 2784, ""max_height"": 1848, ""url_max"": ""https://live.staticflickr.com/2314/2334915366_17faef1e47_3k.jpg"", ""max_width_2000"": 1600, ""max_height_2000"": 1062, ""url_max_2000"": ""https://live.staticflickr.com/2314/2334915366_fd5bd4eaad_h.jpg"", ""flickr_page"": ""https://www.flickr.com/photos/70202166@N00/2334915366"", ""camera"": ""Nikon D3"", ""create_date"": ""2008:03:14 18:44:16"", ""lens_model"": """", ""iso"": ""800"", ""exposure_time"": ""1/200"", ""exposure_program"": ""Manual"", ""exposure_compensation"": ""0"", ""aperture"": ""3.2"", ""focal_length"": ""200.0 mm"", ""focal_length_in35mm"": ""300 mm"", ""white_balance"": ""Auto"", ""metering_mode"": ""Multi-segment"", ""flash"": ""No Flash"", ""pageid"": ""8107""}"
2334919896|70202166@N00|8107|Nikon D3|Nikon|70202166@N00_Nikon_8107bacf.json|"{""id"": ""2334919896"", ""owner"": ""70202166@N00"", ""title"": ""DSC_1594"", ""realname"": """", ""ownername"": ""黑麵之路‧不由分說"", ""datetaken"": ""2008-03-14 18:44:17"", ""max_width"": 2784, ""max_height"": 1848, ""url_max"": ""https://live.staticflickr.com/3197/2334919896_e02f2089e7_3k.jpg"", ""max_width_2000"": 1600, ""max_height_2000"": 1062, ""url_max_2000"": ""https://live.staticflickr.com/3197/2334919896_b5b84191b0_h.jpg"", ""flickr_page"": ""https://www.flickr.com/photos/70202166@N00/2334919896"", ""camera"": ""Nikon D3"", ""create_date"": ""2008:03:14 18:44:17"", ""lens_model"": """", ""iso"": ""800"", ""exposure_time"": ""1/200"", ""exposure_program"": ""Manual"", ""exposure_compensation"": ""0"", ""aperture"": ""3.2"", ""focal_length"": ""200.0 mm"", ""focal_length_in35mm"": ""300 mm"", ""white_balance"": ""Auto"", ""metering_mode"": ""Multi-segment"", ""flash"": ""No Flash"", ""pageid"": ""8107""}"
2334922474|70202166@N00|8107|Nikon D3|Nikon|70202166@N00_Nikon_8107bacf.json|"{""id"": ""2334922474"", ""owner"": ""70202166@N00"", ""title"": ""DSC_1597"", ""realname"": """", ""ownername"": ""黑麵之路‧不由分說"", ""datetaken"": ""2008-03-14 18:44:55"", ""max_width"": 2784, ""max_height"": 1848, ""url_max"": ""https://live.staticflickr.com/2164/2334922474_c9b48769fe_3k.jpg"", ""max_width_2000"": 1600, ""max_height_2000"": 1062, ""url_max_2000"": ""https://live.staticflickr.com/2164/2334922474_638c32bfc7_h.jpg"", ""flickr_page"": ""https://www.flickr.com/photos/70202166@N00/2334922474"", ""camera"": ""Nikon D3"", ""create_date"": ""2008:03:14 18:44:55"", ""lens_model"": """", ""iso"": ""800"", ""exposure_time"": ""1/200"", ""exposure_program"": ""Manual"", ""exposure_compensation"": ""0"", ""aperture"": ""3.2"", ""focal_length"": ""200.0 mm"", ""focal_length_in35mm"": ""300 mm"", ""white_balance"": ""Auto"", ""metering_mode"": ""Multi-segment"", ""flash"": ""No Flash"", ""pageid"": ""8107""}"
2334919144|70202166@N00|8107|Nikon D3|Nikon|70202166@N00_Nikon_8107bacf.json|"{""id"": ""2334919144"", ""owner"": ""70202166@N00"", ""title"": ""DSC_1593"", ""realname"": """", ""ownername"": ""黑麵之路‧不由分說"", ""datetaken"": ""2008-03-14 18:44:17"", ""max_width"": 2784, ""max_height"": 1848, ""url_max"": ""https://live.staticflickr.com/2045/2334919144_bb4200cb6c_3k.jpg"", ""max_width_2000"": 1600, ""max_height_2000"": 1062, ""url_max_2000"": ""https://live.staticflickr.com/2045/2334919144_5eb9dfab37_h.jpg"", ""flickr_page"": ""https://www.flickr.com/photos/70202166@N00/2334919144"", ""camera"": ""Nikon D3"", ""create_date"": ""2008:03:14 18:44:17"", ""lens_model"": """", ""iso"": ""800"", ""exposure_time"": ""1/200"", ""exposure_program"": ""Manual"", ""exposure_compensation"": ""0"", ""aperture"": ""3.2"", ""focal_length"": ""200.0 mm"", ""focal_length_in35mm"": ""300 mm"", ""white_balance"": ""Auto"", ""metering_mode"": ""Multi-segment"", ""flash"": ""No Flash"", ""pageid"": ""8107""}"
2334924852|70202166@N00|8107|Nikon D3|Nikon|70202166@N00_Nikon_8107bacf.json|"{""id"": ""2334924852"", ""owner"": ""70202166@N00"", ""title"": ""DSC_1600"", ""realname"": """", ""ownername"": ""黑麵之路‧不由分說"", ""datetaken"": ""2008-03-14 18:44:55"", ""max_width"": 2784, ""max_height"": 1848, ""url_max"": ""https://live.staticflickr.com/3074/2334924852_3f4cd972be_3k.jpg"", ""max_width_2000"": 1600, ""max_height_2000"": 1062, ""url_max_2000"": ""https://live.staticflickr.com/3074/2334924852_e13eab03db_h.jpg"", ""flickr_page"": ""https://www.flickr.com/photos/70202166@N00/2334924852"", ""camera"": ""Nikon D3"", ""create_date"": ""2008:03:14 18:44:55"", ""lens_model"": """", ""iso"": ""800"", ""exposure_time"": ""1/200"", ""exposure_program"": ""Manual"", ""exposure_compensation"": ""0"", ""aperture"": ""3.2"", ""focal_length"": ""200.0 mm"", ""focal_length_in35mm"": ""300 mm"", ""white_balance"": ""Auto"", ""metering_mode"": ""Multi-segment"", ""flash"": ""No Flash"", ""pageid"": ""8107""}"
2334930006|70202166@N00|8107|Nikon D3|Nikon|70202166@N00_Nikon_8107bacf.json|"{""id"": ""2334930006"", ""owner"": ""70202166@N00"", ""title"": ""DSC_1610"", ""realname"": """", ""ownername"": ""黑麵之路‧不由分說"", ""datetaken"": ""2008-03-14 18:44:56"", ""max_width"": 2784, ""max_height"": 1848, ""url_max"": ""https://live.staticflickr.com/3196/2334930006_16bc1b6d12_3k.jpg"", ""max_width_2000"": 1600, ""max_height_2000"": 1062, ""url_max_2000"": ""https://live.staticflickr.com/3196/2334930006_09c0efa26e_h.jpg"", ""flickr_page"": ""https://www.flickr.com/photos/70202166@N00/2334930006"", ""camera"": ""Nikon D3"", ""create_date"": ""2008:03:14 18:44:56"", ""lens_model"": """", ""iso"": ""800"", ""exposure_time"": ""1/200"", ""exposure_program"": ""Manual"", ""exposure_compensation"": ""0"", ""aperture"": ""3.2"", ""focal_length"": ""200.0 mm"", ""focal_length_in35mm"": ""300 mm"", ""white_balance"": ""Auto"", ""metering_mode"": ""Multi-segment"", ""flash"": ""No Flash"", ""pageid"": ""8107""}"
2334926558|70202166@N00|8107|Nikon D3|Nikon|70202166@N00_Nikon_8107bacf.json|"{""id"": ""2334926558"", ""owner"": ""70202166@N00"", ""title"": ""DSC_1605"", ""realname"": """", ""ownername"": ""黑麵之路‧不由分說"", ""datetaken"": ""2008-03-14 18:44:55"", ""max_width"": 2784, ""max_height"": 1848, ""url_max"": ""https://live.staticflickr.com/3277/2334926558_e6838d50c4_3k.jpg"", ""max_width_2000"": 1600, ""max_height_2000"": 1062, ""url_max_2000"": ""https://live.staticflickr.com/3277/2334926558_16c0a4488f_h.jpg"", ""flickr_page"": ""https://www.flickr.com/photos/70202166@N00/2334926558"", ""camera"": ""Nikon D3"", ""create_date"": ""2008:03:14 18:44:55"", ""lens_model"": """", ""iso"": ""800"", ""exposure_time"": ""1/200"", ""exposure_program"": ""Manual"", ""exposure_compensation"": ""0"", ""aperture"": ""3.2"", ""focal_length"": ""200.0 mm"", ""focal_length_in35mm"": ""300 mm"", ""white_balance"": ""Auto"", ""metering_mode"": ""Multi-segment"", ""flash"": ""No Flash"", ""pageid"": ""8107""}"
2334929230|70202166@N00|8107|Nikon D3|Nikon|70202166@N00_Nikon_8107bacf.json|"{""id"": ""2334929230"", ""owner"": ""70202166@N00"", ""title"": ""DSC_1609"", ""realname"": """", ""ownername"": ""黑麵之路‧不由分說"", ""datetaken"": ""2008-03-14 18:44:56"", ""max_width"": 2784, ""max_height"": 1848, ""url_max"": ""https://live.staticflickr.com/2408/2334929230_bc7a2f3a47_3k.jpg"", ""max_width_2000"": 1600, ""max_height_2000"": 1062, ""url_max_2000"": ""https://live.staticflickr.com/2408/2334929230_41e7cae667_h.jpg"", ""flickr_page"": ""https://www.flickr.com/photos/70202166@N00/2334929230"", ""camera"": ""Nikon D3"", ""create_date"": ""2008:03:14 18:44:56"", ""lens_model"": """", ""iso"": ""800"", ""exposure_time"": ""1/200"", ""exposure_program"": ""Manual"", ""exposure_compensation"": ""0"", ""aperture"": ""3.2"", ""focal_length"": ""200.0 mm"", ""focal_length_in35mm"": ""300 mm"", ""white_balance"": ""Auto"", ""metering_mode"": ""Multi-segment"", ""flash"": ""No Flash"", ""pageid"": ""8107""}"
2334927424|70202166@N00|8107|Nikon D3|Nikon|70202166@N00_Nikon_8107bacf.json|"{""id"": ""2334927424"", ""owner"": ""70202166@N00"", ""title"": ""DSC_1606"", ""realname"": """", ""ownername"": ""黑麵之路‧不由分說"", ""datetaken"": ""2008-03-14 18:44:55"", ""max_width"": 2784, ""max_height"": 1848, ""url_max"": ""https://live.staticflickr.com/2014/2334927424_3f82efbb49_3k.jpg"", ""max_width_2000"": 1600, ""max_height_2000"": 1062, ""url_max_2000"": ""https://live.staticflickr.com/2014/2334927424_5937a734b0_h.jpg"", ""flickr_page"": ""https://www.flickr.com/photos/70202166@N00/2334927424"", ""camera"": ""Nikon D3"", ""create_date"": ""2008:03:14 18:44:55"", ""lens_model"": """", ""iso"": ""800"", ""exposure_time"": ""1/200"", ""exposure_program"": ""Manual"", ""exposure_compensation"": ""0"", ""aperture"": ""3.2"", ""focal_length"": ""200.0 mm"", ""focal_length_in35mm"": ""300 mm"", ""white_balance"": ""Auto"", ""metering_mode"": ""Multi-segment"", ""flash"": ""No Flash"", ""pageid"": ""8107""}"
2332591965|70202166@N00|8108|Nikon D3|Nikon|70202166@N00_Nikon_8107bacf.json|"{""id"": ""2332591965"", ""owner"": ""70202166@N00"", ""title"": ""DSC_1943"", ""realname"": """", ""ownername"": ""黑麵之路‧不由分說"", ""datetaken"": ""2008-03-14 22:05:47"", ""max_width"": 3867, ""max_height"": 2514, ""url_max"": ""https://live.staticflickr.com/2304/2332591965_56c53b71f0_4k.jpg"", ""max_width_2000"": 1600, ""max_height_2000"": 1040, ""url_max_2000"": ""https://live.staticflickr.com/2304/2332591965_7f70f0f286_h.jpg"", ""flickr_page"": ""https://www.flickr.com/photos/70202166@N00/2332591965"", ""camera"": ""Nikon D3"", ""create_date"": ""2008:03:14 22:05:47"", ""lens_model"": """", ""iso"": ""800"", ""exposure_time"": ""1/160"", ""exposure_program"": ""Manual"", ""exposure_compensation"": ""0"", ""aperture"": ""4.0"", ""focal_length"": ""82.0 mm"", ""focal_length_in35mm"": ""82 mm"", ""white_balance"": ""Auto"", ""metering_mode"": ""Multi-segment"", ""flash"": ""No Flash"", ""pageid"": ""8108""}"
2331384562|70202166@N00|8108|Nikon D3|Nikon|70202166@N00_Nikon_8107bacf.json|"{""id"": ""2331384562"", ""owner"": ""70202166@N00"", ""title"": ""DSC_1514"", ""realname"": """", ""ownername"": ""黑麵之路‧不由分說"", ""datetaken"": ""2008-03-13 22:32:04"", ""max_width"": 4256, ""max_height"": 2832, ""url_max"": ""https://live.staticflickr.com/2117/2331384562_235b544742_o.jpg"", ""max_width_2000"": 1600, ""max_height_2000"": 1065, ""url_max_2000"": ""https://live.staticflickr.com/2117/2331384562_39b1d111b0_h.jpg"", ""flickr_page"": ""https://www.flickr.com/photos/70202166@N00/2331384562"", ""camera"": ""Nikon D3"", ""create_date"": ""2008:03:13 22:32:04"", ""lens_model"": """", ""iso"": ""1600"", ""exposure_time"": ""1/40"", ""exposure_program"": ""Manual"", ""exposure_compensation"": ""0"", ""aperture"": ""4.5"", ""focal_length"": ""105.0 mm"", ""focal_length_in35mm"": ""105 mm"", ""white_balance"": ""Auto"", ""metering_mode"": ""Multi-segment"", ""flash"": ""No Flash"", ""pageid"": ""8108""}"
2334067139|70202166@N00|8108|Nikon D3|Nikon|70202166@N00_Nikon_8107bacf.json|"{""id"": ""2334067139"", ""owner"": ""70202166@N00"", ""title"": ""DSC_1562"", ""realname"": """", ""ownername"": ""黑麵之路‧不由分說"", ""datetaken"": ""2008-03-14 18:43:20"", ""max_width"": 2784, ""max_height"": 1848, ""url_max"": ""https://live.staticflickr.com/2061/2334067139_741a41b53f_3k.jpg"", ""max_width_2000"": 1600, ""max_height_2000"": 1062, ""url_max_2000"": ""https://live.staticflickr.com/2061/2334067139_e0d4e580c3_h.jpg"", ""flickr_page"": ""https://www.flickr.com/photos/70202166@N00/2334067139"", ""camera"": ""Nikon D3"", ""create_date"": ""2008:03:14 18:43:20"", ""lens_model"": """", ""iso"": ""800"", ""exposure_time"": ""1/200"", ""exposure_program"": ""Manual"", ""exposure_compensation"": ""0"", ""aperture"": ""3.2"", ""focal_length"": ""200.0 mm"", ""focal_length_in35mm"": ""300 mm"", ""white_balance"": ""Auto"", ""metering_mode"": ""Multi-segment"", ""flash"": ""No Flash"", ""pageid"": ""8108""}"
2334064981|70202166@N00|8108|Nikon D3|Nikon|70202166@N00_Nikon_8107bacf.json|"{""id"": ""2334064981"", ""owner"": ""70202166@N00"", ""title"": ""DSC_1559"", ""realname"": """", ""ownername"": ""黑麵之路‧不由分說"", ""datetaken"": ""2008-03-14 18:43:19"", ""max_width"": 2784, ""max_height"": 1848, ""url_max"": ""https://live.staticflickr.com/2273/2334064981_b931ce3f1c_3k.jpg"", ""max_width_2000"": 1600, ""max_height_2000"": 1062, ""url_max_2000"": ""https://live.staticflickr.com/2273/2334064981_b94e0702bb_h.jpg"", ""flickr_page"": ""https://www.flickr.com/photos/70202166@N00/2334064981"", ""camera"": ""Nikon D3"", ""create_date"": ""2008:03:14 18:43:19"", ""lens_model"": """", ""iso"": ""800"", ""exposure_time"": ""1/200"", ""exposure_program"": ""Manual"", ""exposure_compensation"": ""0"", ""aperture"": ""3.2"", ""focal_length"": ""200.0 mm"", ""focal_length_in35mm"": ""300 mm"", ""white_balance"": ""Auto"", ""metering_mode"": ""Multi-segment"", ""flash"": ""No Flash"", ""pageid"": ""8108""}"
2334074137|70202166@N00|8108|Nikon D3|Nikon|70202166@N00_Nikon_8107bacf.json|"{""id"": ""2334074137"", ""owner"": ""70202166@N00"", ""title"": ""DSC_1571"", ""realname"": """", ""ownername"": ""黑麵之路‧不由分說"", ""datetaken"": ""2008-03-14 18:43:21"", ""max_width"": 2784, ""max_height"": 1848, ""url_max"": ""https://live.staticflickr.com/2201/2334074137_7112f84be8_3k.jpg"", ""max_width_2000"": 1600, ""max_height_2000"": 1062, ""url_max_2000"": ""https://live.staticflickr.com/2201/2334074137_2120d609dd_h.jpg"", ""flickr_page"": ""https://www.flickr.com/photos/70202166@N00/2334074137"", ""camera"": ""Nikon D3"", ""create_date"": ""2008:03:14 18:43:21"", ""lens_model"": """", ""iso"": ""800"", ""exposure_time"": ""1/200"", ""exposure_program"": ""Manual"", ""exposure_compensation"": ""0"", ""aperture"": ""3.2"", ""focal_length"": ""200.0 mm"", ""focal_length_in35mm"": ""300 mm"", ""white_balance"": ""Auto"", ""metering_mode"": ""Multi-segment"", ""flash"": ""No Flash"", ""pageid"": ""8108""}"
2334076653|70202166@N00|8108|Nikon D3|Nikon|70202166@N00_Nikon_8107bacf.json|"{""id"": ""2334076653"", ""owner"": ""70202166@N00"", ""title"": ""DSC_1576"", ""realname"": """", ""ownername"": ""黑麵之路‧不由分說"", ""datetaken"": ""2008-03-14 18:44:15"", ""max_width"": 2784, ""max_height"": 1848, ""url_max"": ""https://live.staticflickr.com/3232/2334076653_d70fbe1ec6_3k.jpg"", ""max_width_2000"": 1600, ""max_height_2000"": 1062, ""url_max_2000"": ""https://live.staticflickr.com/3232/2334076653_628c2c5501_h.jpg"", ""flickr_page"": ""https://www.flickr.com/photos/70202166@N00/2334076653"", ""camera"": ""Nikon D3"", ""create_date"": ""2008:03:14 18:44:15"", ""lens_model"": """", ""iso"": ""800"", ""exposure_time"": ""1/200"", ""exposure_program"": ""Manual"", ""exposure_compensation"": ""0"", ""aperture"": ""3.2"", ""focal_length"": ""200.0 mm"", ""focal_length_in35mm"": ""300 mm"", ""white_balance"": ""Auto"", ""metering_mode"": ""Multi-segment"", ""flash"": ""No Flash"", ""pageid"": ""8108""}"
2334072575|70202166@N00|8108|Nikon D3|Nikon|70202166@N00_Nikon_8107bacf.json|"{""id"": ""2334072575"", ""owner"": ""70202166@N00"", ""title"": ""DSC_1569"", ""realname"": """", ""ownername"": ""黑麵之路‧不由分說"", ""datetaken"": ""2008-03-14 18:43:21"", ""max_width"": 2784, ""max_height"": 1848, ""url_max"": ""https://live.staticflickr.com/2253/2334072575_1a4617abde_3k.jpg"", ""max_width_2000"": 1600, ""max_height_2000"": 1062, ""url_max_2000"": ""https://live.staticflickr.com/2253/2334072575_41cfb9a49a_h.jpg"", ""flickr_page"": ""https://www.flickr.com/photos/70202166@N00/2334072575"", ""camera"": ""Nikon D3"", ""create_date"": ""2008:03:14 18:43:21"", ""lens_model"": """", ""iso"": ""800"", ""exposure_time"": ""1/200"", ""exposure_program"": ""Manual"", ""exposure_compensation"": ""0"", ""aperture"": ""3.2"", ""focal_length"": ""200.0 mm"", ""focal_length_in35mm"": ""300 mm"", ""white_balance"": ""Auto"", ""metering_mode"": ""Multi-segment"", ""flash"": ""No Flash"", ""pageid"": ""8108""}"
2334073369|70202166@N00|8108|Nikon D3|Nikon|70202166@N00_Nikon_8107bacf.json|"{""id"": ""2334073369"", ""owner"": ""70202166@N00"", ""title"": ""DSC_1570"", ""realname"": """", ""ownername"": ""黑麵之路‧不由分說"", ""datetaken"": ""2008-03-14 18:43:21"", ""max_width"": 2784, ""max_height"": 1848, ""url_max"": ""https://live.staticflickr.com/2167/2334073369_c0d2cff23c_3k.jpg"", ""max_width_2000"": 1600, ""max_height_2000"": 1062, ""url_max_2000"": ""https://live.staticflickr.com/2167/2334073369_be752a6dee_h.jpg"", ""flickr_page"": ""https://www.flickr.com/photos/70202166@N00/2334073369"", ""camera"": ""Nikon D3"", ""create_date"": ""2008:03:14 18:43:21"", ""lens_model"": """", ""iso"": ""800"", ""exposure_time"": ""1/200"", ""exposure_program"": ""Manual"", ""exposure_compensation"": ""0"", ""aperture"": ""3.2"", ""focal_length"": ""200.0 mm"", ""focal_length_in35mm"": ""300 mm"", ""white_balance"": ""Auto"", ""metering_mode"": ""Multi-segment"", ""flash"": ""No Flash"", ""pageid"": ""8108""}"
2334077473|70202166@N00|8108|Nikon D3|Nikon|70202166@N00_Nikon_8107bacf.json|"{""id"": ""2334077473"", ""owner"": ""70202166@N00"", ""title"": ""DSC_1577"", ""realname"": """", ""ownername"": ""黑麵之路‧不由分說"", ""datetaken"": ""2008-03-14 18:44:15"", ""max_width"": 2784, ""max_height"": 1848, ""url_max"": ""https://live.staticflickr.com/3070/2334077473_078c947b1b_3k.jpg"", ""max_width_2000"": 1600, ""max_height_2000"": 1062, ""url_max_2000"": ""https://live.staticflickr.com/3070/2334077473_3608ce1527_h.jpg"", ""flickr_page"": ""https://www.flickr.com/photos/70202166@N00/2334077473"", ""camera"": ""Nikon D3"", ""create_date"": ""2008:03:14 18:44:15"", ""lens_model"": """", ""iso"": ""800"", ""exposure_time"": ""1/200"", ""exposure_program"": ""Manual"", ""exposure_compensation"": ""0"", ""aperture"": ""3.2"", ""focal_length"": ""200.0 mm"", ""focal_length_in35mm"": ""300 mm"", ""white_balance"": ""Auto"", ""metering_mode"": ""Multi-segment"", ""flash"": ""No Flash"", ""pageid"": ""8108""}"
2334068557|70202166@N00|8108|Nikon D3|Nikon|70202166@N00_Nikon_8107bacf.json|"{""id"": ""2334068557"", ""owner"": ""70202166@N00"", ""title"": ""DSC_1564"", ""realname"": """", ""ownername"": ""黑麵之路‧不由分說"", ""datetaken"": ""2008-03-14 18:43:20"", ""max_width"": 2784, ""max_height"": 1848, ""url_max"": ""https://live.staticflickr.com/3255/2334068557_22f0f7327a_3k.jpg"", ""max_width_2000"": 1600, ""max_height_2000"": 1062, ""url_max_2000"": ""https://live.staticflickr.com/3255/2334068557_cba40ff6f0_h.jpg"", ""flickr_page"": ""https://www.flickr.com/photos/70202166@N00/2334068557"", ""camera"": ""Nikon D3"", ""create_date"": ""2008:03:14 18:43:20"", ""lens_model"": """", ""iso"": ""800"", ""exposure_time"": ""1/200"", ""exposure_program"": ""Manual"", ""exposure_compensation"": ""0"", ""aperture"": ""3.2"", ""focal_length"": ""200.0 mm"", ""focal_length_in35mm"": ""300 mm"", ""white_balance"": ""Auto"", ""metering_mode"": ""Multi-segment"", ""flash"": ""No Flash"", ""pageid"": ""8108""}"
2334078949|70202166@N00|8108|Nikon D3|Nikon|70202166@N00_Nikon_8107bacf.json|"{""id"": ""2334078949"", ""owner"": ""70202166@N00"", ""title"": ""DSC_1579"", ""realname"": """", ""ownername"": ""黑麵之路‧不由分說"", ""datetaken"": ""2008-03-14 18:44:15"", ""max_width"": 2784, ""max_height"": 1848, ""url_max"": ""https://live.staticflickr.com/3247/2334078949_36332db44a_3k.jpg"", ""max_width_2000"": 1600, ""max_height_2000"": 1062, ""url_max_2000"": ""https://live.staticflickr.com/3247/2334078949_ea7befbb2a_h.jpg"", ""flickr_page"": ""https://www.flickr.com/photos/70202166@N00/2334078949"", ""camera"": ""Nikon D3"", ""create_date"": ""2008:03:14 18:44:15"", ""lens_model"": """", ""iso"": ""800"", ""exposure_time"": ""1/200"", ""exposure_program"": ""Manual"", ""exposure_compensation"": ""0"", ""aperture"": ""3.2"", ""focal_length"": ""200.0 mm"", ""focal_length_in35mm"": ""300 mm"", ""white_balance"": ""Auto"", ""metering_mode"": ""Multi-segment"", ""flash"": ""No Flash"", ""pageid"": ""8108""}"
2334894938|70202166@N00|8108|Nikon D3|Nikon|70202166@N00_Nikon_8107bacf.json|"{""id"": ""2334894938"", ""owner"": ""70202166@N00"", ""title"": ""DSC_1563"", ""realname"": """", ""ownername"": ""黑麵之路‧不由分說"", ""datetaken"": ""2008-03-14 18:43:20"", ""max_width"": 2784, ""max_height"": 1848, ""url_max"": ""https://live.staticflickr.com/3140/2334894938_a87b4dac06_3k.jpg"", ""max_width_2000"": 1600, ""max_height_2000"": 1062, ""url_max_2000"": ""https://live.staticflickr.com/3140/2334894938_4d72b97a18_h.jpg"", ""flickr_page"": ""https://www.flickr.com/photos/70202166@N00/2334894938"", ""camera"": ""Nikon D3"", ""create_date"": ""2008:03:14 18:43:20"", ""lens_model"": """", ""iso"": ""800"", ""exposure_time"": ""1/200"", ""exposure_program"": ""Manual"", ""exposure_compensation"": ""0"", ""aperture"": ""3.2"", ""focal_length"": ""200.0 mm"", ""focal_length_in35mm"": ""300 mm"", ""white_balance"": ""Auto"", ""metering_mode"": ""Multi-segment"", ""flash"": ""No Flash"", ""pageid"": ""8108""}"
2334080487|70202166@N00|8108|Nikon D3|Nikon|70202166@N00_Nikon_8107bacf.json|"{""id"": ""2334080487"", ""owner"": ""70202166@N00"", ""title"": ""DSC_1581"", ""realname"": """", ""ownername"": ""黑麵之路‧不由分說"", ""datetaken"": ""2008-03-14 18:44:16"", ""max_width"": 2784, ""max_height"": 1848, ""url_max"": ""https://live.staticflickr.com/2142/2334080487_ddafa8f8aa_3k.jpg"", ""max_width_2000"": 1600, ""max_height_2000"": 1062, ""url_max_2000"": ""https://live.staticflickr.com/2142/2334080487_b6980dc16b_h.jpg"", ""flickr_page"": ""https://www.flickr.com/photos/70202166@N00/2334080487"", ""camera"": ""Nikon D3"", ""create_date"": ""2008:03:14 18:44:16"", ""lens_model"": """", ""iso"": ""800"", ""exposure_time"": ""1/200"", ""exposure_program"": ""Manual"", ""exposure_compensation"": ""0"", ""aperture"": ""3.2"", ""focal_length"": ""200.0 mm"", ""focal_length_in35mm"": ""300 mm"", ""white_balance"": ""Auto"", ""metering_mode"": ""Multi-segment"", ""flash"": ""No Flash"", ""pageid"": ""8108""}"
2334081333|70202166@N00|8108|Nikon D3|Nikon|70202166@N00_Nikon_8107bacf.json|"{""id"": ""2334081333"", ""owner"": ""70202166@N00"", ""title"": ""DSC_1582"", ""realname"": """", ""ownername"": ""黑麵之路‧不由分說"", ""datetaken"": ""2008-03-14 18:44:16"", ""max_width"": 2784, ""max_height"": 1848, ""url_max"": ""https://live.staticflickr.com/3211/2334081333_1bd761a104_3k.jpg"", ""max_width_2000"": 1600, ""max_height_2000"": 1062, ""url_max_2000"": ""https://live.staticflickr.com/3211/2334081333_d69b71b7a9_h.jpg"", ""flickr_page"": ""https://www.flickr.com/photos/70202166@N00/2334081333"", ""camera"": ""Nikon D3"", ""create_date"": ""2008:03:14 18:44:16"", ""lens_model"": """", ""iso"": ""800"", ""exposure_time"": ""1/200"", ""exposure_program"": ""Manual"", ""exposure_compensation"": ""0"", ""aperture"": ""3.2"", ""focal_length"": ""200.0 mm"", ""focal_length_in35mm"": ""300 mm"", ""white_balance"": ""Auto"", ""metering_mode"": ""Multi-segment"", ""flash"": ""No Flash"", ""pageid"": ""8108""}"
2334082249|70202166@N00|8108|Nikon D3|Nikon|70202166@N00_Nikon_8107bacf.json|"{""id"": ""2334082249"", ""owner"": ""70202166@N00"", ""title"": ""DSC_1583"", ""realname"": """", ""ownername"": ""黑麵之路‧不由分說"", ""datetaken"": ""2008-03-14 18:44:16"", ""max_width"": 2784, ""max_height"": 1848, ""url_max"": ""https://live.staticflickr.com/3273/2334082249_7c87d4a014_3k.jpg"", ""max_width_2000"": 1600, ""max_height_2000"": 1062, ""url_max_2000"": ""https://live.staticflickr.com/3273/2334082249_4eca9e08de_h.jpg"", ""flickr_page"": ""https://www.flickr.com/photos/70202166@N00/2334082249"", ""camera"": ""Nikon D3"", ""create_date"": ""2008:03:14 18:44:16"", ""lens_model"": """", ""iso"": ""800"", ""exposure_time"": ""1/200"", ""exposure_program"": ""Manual"", ""exposure_compensation"": ""0"", ""aperture"": ""3.2"", ""focal_length"": ""200.0 mm"", ""focal_length_in35mm"": ""300 mm"", ""white_balance"": ""Auto"", ""metering_mode"": ""Multi-segment"", ""flash"": ""No Flash"", ""pageid"": ""8108""}"
2334893344|70202166@N00|8108|Nikon D3|Nikon|70202166@N00_Nikon_8107bacf.json|"{""id"": ""2334893344"", ""owner"": ""70202166@N00"", ""title"": ""DSC_1561"", ""realname"": """", ""ownername"": ""黑麵之路‧不由分說"", ""datetaken"": ""2008-03-14 18:43:20"", ""max_width"": 2784, ""max_height"": 1848, ""url_max"": ""https://live.staticflickr.com/2384/2334893344_34cbc22e10_3k.jpg"", ""max_width_2000"": 1600, ""max_height_2000"": 1062, ""url_max_2000"": ""https://live.staticflickr.com/2384/2334893344_e658edf84b_h.jpg"", ""flickr_page"": ""https://www.flickr.com/photos/70202166@N00/2334893344"", ""camera"": ""Nikon D3"", ""create_date"": ""2008:03:14 18:43:20"", ""lens_model"": """", ""iso"": ""800"", ""exposure_time"": ""1/200"", ""exposure_program"": ""Manual"", ""exposure_compensation"": ""0"", ""aperture"": ""3.2"", ""focal_length"": ""200.0 mm"", ""focal_length_in35mm"": ""300 mm"", ""white_balance"": ""Auto"", ""metering_mode"": ""Multi-segment"", ""flash"": ""No Flash"", ""pageid"": ""8108""}"
2334896398|70202166@N00|8108|Nikon D3|Nikon|70202166@N00_Nikon_8107bacf.json|"{""id"": ""2334896398"", ""owner"": ""70202166@N00"", ""title"": ""DSC_1565"", ""realname"": """", ""ownername"": ""黑麵之路‧不由分說"", ""datetaken"": ""2008-03-14 18:43:20"", ""max_width"": 2784, ""max_height"": 1848, ""url_max"": ""https://live.staticflickr.com/3100/2334896398_00b3feade1_3k.jpg"", ""max_width_2000"": 1600, ""max_height_2000"": 1062, ""url_max_2000"": ""https://live.staticflickr.com/3100/2334896398_ce7ced952b_h.jpg"", ""flickr_page"": ""https://www.flickr.com/photos/70202166@N00/2334896398"", ""camera"": ""Nikon D3"", ""create_date"": ""2008:03:14 18:43:20"", ""lens_model"": """", ""iso"": ""800"", ""exposure_time"": ""1/200"", ""exposure_program"": ""Manual"", ""exposure_compensation"": ""0"", ""aperture"": ""3.2"", ""focal_length"": ""200.0 mm"", ""focal_length_in35mm"": ""300 mm"", ""white_balance"": ""Auto"", ""metering_mode"": ""Multi-segment"", ""flash"": ""No Flash"", ""pageid"": ""8108""}"
2334079707|70202166@N00|8108|Nikon D3|Nikon|70202166@N00_Nikon_8107bacf.json|"{""id"": ""2334079707"", ""owner"": ""70202166@N00"", ""title"": ""DSC_1580"", ""realname"": """", ""ownername"": ""黑麵之路‧不由分說"", ""datetaken"": ""2008-03-14 18:44:15"", ""max_width"": 2784, ""max_height"": 1848, ""url_max"": ""https://live.staticflickr.com/2112/2334079707_f378bb697a_3k.jpg"", ""max_width_2000"": 1600, ""max_height_2000"": 1062, ""url_max_2000"": ""https://live.staticflickr.com/2112/2334079707_9527c384f6_h.jpg"", ""flickr_page"": ""https://www.flickr.com/photos/70202166@N00/2334079707"", ""camera"": ""Nikon D3"", ""create_date"": ""2008:03:14 18:44:15"", ""lens_model"": """", ""iso"": ""800"", ""exposure_time"": ""1/200"", ""exposure_program"": ""Manual"", ""exposure_compensation"": ""0"", ""aperture"": ""3.2"", ""focal_length"": ""200.0 mm"", ""focal_length_in35mm"": ""300 mm"", ""white_balance"": ""Auto"", ""metering_mode"": ""Multi-segment"", ""flash"": ""No Flash"", ""pageid"": ""8108""}"
2334897310|70202166@N00|8108|Nikon D3|Nikon|70202166@N00_Nikon_8107bacf.json|"{""id"": ""2334897310"", ""owner"": ""70202166@N00"", ""title"": ""DSC_1566"", ""realname"": """", ""ownername"": ""黑麵之路‧不由分說"", ""datetaken"": ""2008-03-14 18:43:20"", ""max_width"": 2784, ""max_height"": 1848, ""url_max"": ""https://live.staticflickr.com/3249/2334897310_d7a14579b0_3k.jpg"", ""max_width_2000"": 1600, ""max_height_2000"": 1062, ""url_max_2000"": ""https://live.staticflickr.com/3249/2334897310_d978481f59_h.jpg"", ""flickr_page"": ""https://www.flickr.com/photos/70202166@N00/2334897310"", ""camera"": ""Nikon D3"", ""create_date"": ""2008:03:14 18:43:20"", ""lens_model"": """", ""iso"": ""800"", ""exposure_time"": ""1/200"", ""exposure_program"": ""Manual"", ""exposure_compensation"": ""0"", ""aperture"": ""3.2"", ""focal_length"": ""200.0 mm"", ""focal_length_in35mm"": ""300 mm"", ""white_balance"": ""Auto"", ""metering_mode"": ""Multi-segment"", ""flash"": ""No Flash"", ""pageid"": ""8108""}"
2334892466|70202166@N00|8108|Nikon D3|Nikon|70202166@N00_Nikon_8107bacf.json|"{""id"": ""2334892466"", ""owner"": ""70202166@N00"", ""title"": ""DSC_1560"", ""realname"": """", ""ownername"": ""黑麵之路‧不由分說"", ""datetaken"": ""2008-03-14 18:43:20"", ""max_width"": 2784, ""max_height"": 1848, ""url_max"": ""https://live.staticflickr.com/2336/2334892466_b5d53d39a1_3k.jpg"", ""max_width_2000"": 1600, ""max_height_2000"": 1062, ""url_max_2000"": ""https://live.staticflickr.com/2336/2334892466_cf92d5f4bd_h.jpg"", ""flickr_page"": ""https://www.flickr.com/photos/70202166@N00/2334892466"", ""camera"": ""Nikon D3"", ""create_date"": ""2008:03:14 18:43:20"", ""lens_model"": """", ""iso"": ""800"", ""exposure_time"": ""1/200"", ""exposure_program"": ""Manual"", ""exposure_compensation"": ""0"", ""aperture"": ""3.2"", ""focal_length"": ""200.0 mm"", ""focal_length_in35mm"": ""300 mm"", ""white_balance"": ""Auto"", ""metering_mode"": ""Multi-segment"", ""flash"": ""No Flash"", ""pageid"": ""8108""}"
2334898930|70202166@N00|8108|Nikon D3|Nikon|70202166@N00_Nikon_8107bacf.json|"{""id"": ""2334898930"", ""owner"": ""70202166@N00"", ""title"": ""DSC_1568"", ""realname"": """", ""ownername"": ""黑麵之路‧不由分說"", ""datetaken"": ""2008-03-14 18:43:20"", ""max_width"": 2784, ""max_height"": 1848, ""url_max"": ""https://live.staticflickr.com/2300/2334898930_b03a93ce09_3k.jpg"", ""max_width_2000"": 1600, ""max_height_2000"": 1062, ""url_max_2000"": ""https://live.staticflickr.com/2300/2334898930_2a25954b4d_h.jpg"", ""flickr_page"": ""https://www.flickr.com/photos/70202166@N00/2334898930"", ""camera"": ""Nikon D3"", ""create_date"": ""2008:03:14 18:43:20"", ""lens_model"": """", ""iso"": ""800"", ""exposure_time"": ""1/200"", ""exposure_program"": ""Manual"", ""exposure_compensation"": ""0"", ""aperture"": ""3.2"", ""focal_length"": ""200.0 mm"", ""focal_length_in35mm"": ""300 mm"", ""white_balance"": ""Auto"", ""metering_mode"": ""Multi-segment"", ""flash"": ""No Flash"", ""pageid"": ""8108""}"
2334898220|70202166@N00|8108|Nikon D3|Nikon|70202166@N00_Nikon_8107bacf.json|"{""id"": ""2334898220"", ""owner"": ""70202166@N00"", ""title"": ""DSC_1567"", ""realname"": """", ""ownername"": ""黑麵之路‧不由分說"", ""datetaken"": ""2008-03-14 18:43:20"", ""max_width"": 2784, ""max_height"": 1848, ""url_max"": ""https://live.staticflickr.com/3103/2334898220_9ca589f213_3k.jpg"", ""max_width_2000"": 1600, ""max_height_2000"": 1062, ""url_max_2000"": ""https://live.staticflickr.com/3103/2334898220_495acdd1eb_h.jpg"", ""flickr_page"": ""https://www.flickr.com/photos/70202166@N00/2334898220"", ""camera"": ""Nikon D3"", ""create_date"": ""2008:03:14 18:43:20"", ""lens_model"": """", ""iso"": ""800"", ""exposure_time"": ""1/200"", ""exposure_program"": ""Manual"", ""exposure_compensation"": ""0"", ""aperture"": ""3.2"", ""focal_length"": ""200.0 mm"", ""focal_length_in35mm"": ""300 mm"", ""white_balance"": ""Auto"", ""metering_mode"": ""Multi-segment"", ""flash"": ""No Flash"", ""pageid"": ""8108""}"
2334902652|70202166@N00|8108|Nikon D3|Nikon|70202166@N00_Nikon_8107bacf.json|"{""id"": ""2334902652"", ""owner"": ""70202166@N00"", ""title"": ""DSC_1575"", ""realname"": """", ""ownername"": ""黑麵之路‧不由分說"", ""datetaken"": ""2008-03-14 18:44:15"", ""max_width"": 2784, ""max_height"": 1848, ""url_max"": ""https://live.staticflickr.com/2001/2334902652_fc40458916_3k.jpg"", ""max_width_2000"": 1600, ""max_height_2000"": 1062, ""url_max_2000"": ""https://live.staticflickr.com/2001/2334902652_daa7d7c2f2_h.jpg"", ""flickr_page"": ""https://www.flickr.com/photos/70202166@N00/2334902652"", ""camera"": ""Nikon D3"", ""create_date"": ""2008:03:14 18:44:15"", ""lens_model"": """", ""iso"": ""800"", ""exposure_time"": ""1/200"", ""exposure_program"": ""Manual"", ""exposure_compensation"": ""0"", ""aperture"": ""3.2"", ""focal_length"": ""200.0 mm"", ""focal_length_in35mm"": ""300 mm"", ""white_balance"": ""Auto"", ""metering_mode"": ""Multi-segment"", ""flash"": ""No Flash"", ""pageid"": ""8108""}"
2334905136|70202166@N00|8108|Nikon D3|Nikon|70202166@N00_Nikon_8107bacf.json|"{""id"": ""2334905136"", ""owner"": ""70202166@N00"", ""title"": ""DSC_1578"", ""realname"": """", ""ownername"": ""黑麵之路‧不由分說"", ""datetaken"": ""2008-03-14 18:44:15"", ""max_width"": 2784, ""max_height"": 1848, ""url_max"": ""https://live.staticflickr.com/2403/2334905136_2d6cc42c61_3k.jpg"", ""max_width_2000"": 1600, ""max_height_2000"": 1062, ""url_max_2000"": ""https://live.staticflickr.com/2403/2334905136_b7882cf93e_h.jpg"", ""flickr_page"": ""https://www.flickr.com/photos/70202166@N00/2334905136"", ""camera"": ""Nikon D3"", ""create_date"": ""2008:03:14 18:44:15"", ""lens_model"": """", ""iso"": ""800"", ""exposure_time"": ""1/200"", ""exposure_program"": ""Manual"", ""exposure_compensation"": ""0"", ""aperture"": ""3.2"", ""focal_length"": ""200.0 mm"", ""focal_length_in35mm"": ""300 mm"", ""white_balance"": ""Auto"", ""metering_mode"": ""Multi-segment"", ""flash"": ""No Flash"", ""pageid"": ""8108""}"
2334901838|70202166@N00|8108|Nikon D3|Nikon|70202166@N00_Nikon_8107bacf.json|"{""id"": ""2334901838"", ""owner"": ""70202166@N00"", ""title"": ""DSC_1572"", ""realname"": """", ""ownername"": ""黑麵之路‧不由分說"", ""datetaken"": ""2008-03-14 18:43:21"", ""max_width"": 2784, ""max_height"": 1848, ""url_max"": ""https://live.staticflickr.com/3086/2334901838_e617979eb2_3k.jpg"", ""max_width_2000"": 1600, ""max_height_2000"": 1062, ""url_max_2000"": ""https://live.staticflickr.com/3086/2334901838_f146896bc3_h.jpg"", ""flickr_page"": ""https://www.flickr.com/photos/70202166@N00/2334901838"", ""camera"": ""Nikon D3"", ""create_date"": ""2008:03:14 18:43:21"", ""lens_model"": """", ""iso"": ""800"", ""exposure_time"": ""1/200"", ""exposure_program"": ""Manual"", ""exposure_compensation"": ""0"", ""aperture"": ""3.2"", ""focal_length"": ""200.0 mm"", ""focal_length_in35mm"": ""300 mm"", ""white_balance"": ""Auto"", ""metering_mode"": ""Multi-segment"", ""flash"": ""No Flash"", ""pageid"": ""8108""}"
2325974359|70202166@N00|8109|Nikon D3|Nikon|70202166@N00_Nikon_8107bacf.json|"{""id"": ""2325974359"", ""owner"": ""70202166@N00"", ""title"": ""DSC_0599"", ""realname"": """", ""ownername"": ""黑麵之路‧不由分說"", ""datetaken"": ""2008-03-09 09:36:45"", ""max_width"": 2832, ""max_height"": 4256, ""url_max"": ""https://live.staticflickr.com/2157/2325974359_52c382826b_o.jpg"", ""max_width_2000"": 1363, ""max_height_2000"": 2048, ""url_max_2000"": ""https://live.staticflickr.com/2157/2325974359_00d3abd396_k.jpg"", ""flickr_page"": ""https://www.flickr.com/photos/70202166@N00/2325974359"", ""camera"": ""Nikon D3"", ""create_date"": ""2008:03:09 09:36:45"", ""lens_model"": """", ""iso"": ""1600"", ""exposure_time"": ""1/160"", ""exposure_program"": ""Manual"", ""exposure_compensation"": ""0"", ""aperture"": ""3.5"", ""focal_length"": ""66.0 mm"", ""focal_length_in35mm"": ""66 mm"", ""white_balance"": ""Auto"", ""metering_mode"": ""Multi-segment"", ""flash"": ""No Flash"", ""pageid"": ""8109""}"
2325972001|70202166@N00|8109|Nikon D3|Nikon|70202166@N00_Nikon_8107bacf.json|"{""id"": ""2325972001"", ""owner"": ""70202166@N00"", ""title"": ""DSC_0584"", ""realname"": """", ""ownername"": ""黑麵之路‧不由分說"", ""datetaken"": ""2008-03-09 09:35:00"", ""max_width"": 2832, ""max_height"": 4256, ""url_max"": ""https://live.staticflickr.com/3270/2325972001_d409b5809c_o.jpg"", ""max_width_2000"": 1363, ""max_height_2000"": 2048, ""url_max_2000"": ""https://live.staticflickr.com/3270/2325972001_ebe9c1e4a6_k.jpg"", ""flickr_page"": ""https://www.flickr.com/photos/70202166@N00/2325972001"", ""camera"": ""Nikon D3"", ""create_date"": ""2008:03:09 09:35:00"", ""lens_model"": """", ""iso"": ""1600"", ""exposure_time"": ""1/100"", ""exposure_program"": ""Manual"", ""exposure_compensation"": ""0"", ""aperture"": ""3.5"", ""focal_length"": ""66.0 mm"", ""focal_length_in35mm"": ""66 mm"", ""white_balance"": ""Auto"", ""metering_mode"": ""Multi-segment"", ""flash"": ""No Flash"", ""pageid"": ""8109""}"
2326815340|70202166@N00|8109|Nikon D3|Nikon|70202166@N00_Nikon_8107bacf.json|"{""id"": ""2326815340"", ""owner"": ""70202166@N00"", ""title"": ""DSC_1503"", ""realname"": """", ""ownername"": ""黑麵之路‧不由分說"", ""datetaken"": ""2008-03-11 19:38:22"", ""max_width"": 3977, ""max_height"": 2196, ""url_max"": ""https://live.staticflickr.com/3241/2326815340_f8aa58a6c9_4k.jpg"", ""max_width_2000"": 1600, ""max_height_2000"": 883, ""url_max_2000"": ""https://live.staticflickr.com/3241/2326815340_2876b79566_h.jpg"", ""flickr_page"": ""https://www.flickr.com/photos/70202166@N00/2326815340"", ""camera"": ""Nikon D3"", ""create_date"": ""2008:03:11 19:38:22"", ""lens_model"": """", ""iso"": ""800"", ""exposure_time"": ""1/60"", ""exposure_program"": ""Aperture-priority AE"", ""exposure_compensation"": ""0"", ""aperture"": ""4.0"", ""focal_length"": ""58.0 mm"", ""focal_length_in35mm"": ""58 mm"", ""white_balance"": ""Auto"", ""metering_mode"": ""Multi-segment"", ""flash"": ""No Flash"", ""pageid"": ""8109""}"
2326787778|70202166@N00|8109|Nikon D3|Nikon|70202166@N00_Nikon_8107bacf.json|"{""id"": ""2326787778"", ""owner"": ""70202166@N00"", ""title"": ""DSC_0554"", ""realname"": """", ""ownername"": ""黑麵之路‧不由分說"", ""datetaken"": ""2008-03-09 09:24:18"", ""max_width"": 2832, ""max_height"": 4256, ""url_max"": ""https://live.staticflickr.com/2385/2326787778_37a3ce61de_o.jpg"", ""max_width_2000"": 1363, ""max_height_2000"": 2048, ""url_max_2000"": ""https://live.staticflickr.com/2385/2326787778_1d0ae3516f_k.jpg"", ""flickr_page"": ""https://www.flickr.com/photos/70202166@N00/2326787778"", ""camera"": ""Nikon D3"", ""create_date"": ""2008:03:09 09:24:18"", ""lens_model"": """", ""iso"": ""200"", ""exposure_time"": ""1/640"", ""exposure_program"": ""Manual"", ""exposure_compensation"": ""0"", ""aperture"": ""4.5"", ""focal_length"": ""28.0 mm"", ""focal_length_in35mm"": ""28 mm"", ""white_balance"": ""Auto"", ""metering_mode"": ""Multi-segment"", ""flash"": ""No Flash"", ""pageid"": ""8109""}"
2330552657|70202166@N00|8109|Nikon D3|Nikon|70202166@N00_Nikon_8107bacf.json|"{""id"": ""2330552657"", ""owner"": ""70202166@N00"", ""title"": ""DSC_1513"", ""realname"": """", ""ownername"": ""黑麵之路‧不由分說"", ""datetaken"": ""2008-03-13 22:31:47"", ""max_width"": 4256, ""max_height"": 2832, ""url_max"": ""https://live.staticflickr.com/2285/2330552657_30273e2d55_o.jpg"", ""max_width_2000"": 1600, ""max_height_2000"": 1065, ""url_max_2000"": ""https://live.staticflickr.com/2285/2330552657_34c79c8183_h.jpg"", ""flickr_page"": ""https://www.flickr.com/photos/70202166@N00/2330552657"", ""camera"": ""Nikon D3"", ""create_date"": ""2008:03:13 22:31:47"", ""lens_model"": """", ""iso"": ""1600"", ""exposure_time"": ""1/40"", ""exposure_program"": ""Manual"", ""exposure_compensation"": ""0"", ""aperture"": ""4.5"", ""focal_length"": ""105.0 mm"", ""focal_length_in35mm"": ""105 mm"", ""white_balance"": ""Auto"", ""metering_mode"": ""Multi-segment"", ""flash"": ""No Flash"", ""pageid"": ""8109""}"
2330548111|70202166@N00|8109|Nikon D3|Nikon|70202166@N00_Nikon_8107bacf.json|"{""id"": ""2330548111"", ""owner"": ""70202166@N00"", ""title"": ""DSC_1511"", ""realname"": """", ""ownername"": ""黑麵之路‧不由分說"", ""datetaken"": ""2008-03-13 22:30:49"", ""max_width"": 4256, ""max_height"": 2832, ""url_max"": ""https://live.staticflickr.com/2262/2330548111_0de95f7920_o.jpg"", ""max_width_2000"": 1600, ""max_height_2000"": 1065, ""url_max_2000"": ""https://live.staticflickr.com/2262/2330548111_99daf93f90_h.jpg"", ""flickr_page"": ""https://www.flickr.com/photos/70202166@N00/2330548111"", ""camera"": ""Nikon D3"", ""create_date"": ""2008:03:13 22:30:49"", ""lens_model"": """", ""iso"": ""1600"", ""exposure_time"": ""1/40"", ""exposure_program"": ""Manual"", ""exposure_compensation"": ""0"", ""aperture"": ""4.5"", ""focal_length"": ""105.0 mm"", ""focal_length_in35mm"": ""105 mm"", ""white_balance"": ""Auto"", ""metering_mode"": ""Multi-segment"", ""flash"": ""No Flash"", ""pageid"": ""8109""}"
2326794032|70202166@N00|8109|Nikon D3|Nikon|70202166@N00_Nikon_8107bacf.json|"{""id"": ""2326794032"", ""owner"": ""70202166@N00"", ""title"": ""DSC_0690"", ""realname"": """", ""ownername"": ""黑麵之路‧不由分說"", ""datetaken"": ""2008-03-09 09:48:46"", ""max_width"": 2832, ""max_height"": 4256, ""url_max"": ""https://live.staticflickr.com/2059/2326794032_30b77e7f2e_o.jpg"", ""max_width_2000"": 1363, ""max_height_2000"": 2048, ""url_max_2000"": ""https://live.staticflickr.com/2059/2326794032_2b632942e7_k.jpg"", ""flickr_page"": ""https://www.flickr.com/photos/70202166@N00/2326794032"", ""camera"": ""Nikon D3"", ""create_date"": ""2008:03:09 09:48:46"", ""lens_model"": """", ""iso"": ""1600"", ""exposure_time"": ""1/80"", ""exposure_program"": ""Manual"", ""exposure_compensation"": ""0"", ""aperture"": ""3.5"", ""focal_length"": ""55.0 mm"", ""focal_length_in35mm"": ""55 mm"", ""white_balance"": ""Auto"", ""metering_mode"": ""Multi-segment"", ""flash"": ""No Flash"", ""pageid"": ""8109""}"
2330593580|70202166@N00|8109|Nikon D300|Nikon|70202166@N00_Nikon_8107bacf.json|"{""id"": ""2330593580"", ""owner"": ""70202166@N00"", ""title"": ""DSC_9526_D300_ISO1600_NONE"", ""realname"": """", ""ownername"": ""黑麵之路‧不由分說"", ""datetaken"": ""2008-03-05 19:02:03"", ""max_width"": 2848, ""max_height"": 4288, ""url_max"": ""https://live.staticflickr.com/2196/2330593580_2d07d92def_o.jpg"", ""max_width_2000"": 1360, ""max_height_2000"": 2048, ""url_max_2000"": ""https://live.staticflickr.com/2196/2330593580_981851ec2f_k.jpg"", ""flickr_page"": ""https://www.flickr.com/photos/70202166@N00/2330593580"", ""camera"": ""Nikon D300"", ""create_date"": ""2008:03:05 19:02:03"", ""lens_model"": """", ""iso"": ""1600"", ""exposure_time"": ""1/25"", ""exposure_program"": ""Manual"", ""exposure_compensation"": ""0"", ""aperture"": ""2.8"", ""focal_length"": ""14.0 mm"", ""focal_length_in35mm"": ""21 mm"", ""white_balance"": ""Auto"", ""metering_mode"": ""Multi-segment"", ""flash"": ""No Flash"", ""pageid"": ""8109""}"
2330596804|70202166@N00|8109|Nikon D3|Nikon|70202166@N00_Nikon_8107bacf.json|"{""id"": ""2330596804"", ""owner"": ""70202166@N00"", ""title"": ""DSC_9531_D3_ISO3200_NONE"", ""realname"": """", ""ownername"": ""黑麵之路‧不由分說"", ""datetaken"": ""2008-03-05 19:05:19"", ""max_width"": 2832, ""max_height"": 4256, ""url_max"": ""https://live.staticflickr.com/2003/2330596804_ce74a2c46e_o.jpg"", ""max_width_2000"": 1363, ""max_height_2000"": 2048, ""url_max_2000"": ""https://live.staticflickr.com/2003/2330596804_9fc4398bf3_k.jpg"", ""flickr_page"": ""https://www.flickr.com/photos/70202166@N00/2330596804"", ""camera"": ""Nikon D3"", ""create_date"": ""2008:03:05 19:05:19"", ""lens_model"": """", ""iso"": ""3200"", ""exposure_time"": ""1/25"", ""exposure_program"": ""Manual"", ""exposure_compensation"": ""0"", ""aperture"": ""2.8"", ""focal_length"": ""14.0 mm"", ""focal_length_in35mm"": ""14 mm"", ""white_balance"": ""Auto"", ""metering_mode"": ""Multi-segment"", ""flash"": ""No Flash"", ""pageid"": ""8109""}"
2331372376|70202166@N00|8109|Nikon D3|Nikon|70202166@N00_Nikon_8107bacf.json|"{""id"": ""2331372376"", ""owner"": ""70202166@N00"", ""title"": ""DSC_1509"", ""realname"": """", ""ownername"": ""黑麵之路‧不由分說"", ""datetaken"": ""2008-03-13 22:29:52"", ""max_width"": 4256, ""max_height"": 2832, ""url_max"": ""https://live.staticflickr.com/2030/2331372376_a092fc454d_o.jpg"", ""max_width_2000"": 1600, ""max_height_2000"": 1065, ""url_max_2000"": ""https://live.staticflickr.com/2030/2331372376_1b3ea2cfff_h.jpg"", ""flickr_page"": ""https://www.flickr.com/photos/70202166@N00/2331372376"", ""camera"": ""Nikon D3"", ""create_date"": ""2008:03:13 22:29:52"", ""lens_model"": """", ""iso"": ""1600"", ""exposure_time"": ""1/40"", ""exposure_program"": ""Manual"", ""exposure_compensation"": ""0"", ""aperture"": ""4.5"", ""focal_length"": ""105.0 mm"", ""focal_length_in35mm"": ""105 mm"", ""white_balance"": ""Auto"", ""metering_mode"": ""Multi-segment"", ""flash"": ""No Flash"", ""pageid"": ""8109""}"
2323348689|70202166@N00|8122|Nikon D3|Nikon|70202166@N00_Nikon_110e3188.json|"{""id"": ""2323348689"", ""owner"": ""70202166@N00"", ""title"": ""DSC_0812"", ""realname"": """", ""ownername"": ""黑麵之路‧不由分說"", ""datetaken"": ""2008-03-09 11:21:03"", ""max_width"": 736, ""max_height"": 489, ""url_max"": ""https://live.staticflickr.com/2360/2323348689_256b829458_c.jpg"", ""max_width_2000"": 736, ""max_height_2000"": 489, ""url_max_2000"": ""https://live.staticflickr.com/2360/2323348689_256b829458_c.jpg"", ""flickr_page"": ""https://www.flickr.com/photos/70202166@N00/2323348689"", ""camera"": ""Nikon D3"", ""create_date"": ""2008:03:09 11:21:03"", ""lens_model"": """", ""iso"": ""1600"", ""exposure_time"": ""1/125"", ""exposure_program"": ""Manual"", ""exposure_compensation"": ""0"", ""aperture"": ""3.2"", ""focal_length"": ""55.0 mm"", ""focal_length_in35mm"": ""55 mm"", ""white_balance"": ""Manual"", ""metering_mode"": ""Multi-segment"", ""flash"": ""No Flash"", ""pageid"": ""8122""}"
2323349871|70202166@N00|8122|Nikon D3|Nikon|70202166@N00_Nikon_110e3188.json|"{""id"": ""2323349871"", ""owner"": ""70202166@N00"", ""title"": ""DSC_0816"", ""realname"": """", ""ownername"": ""黑麵之路‧不由分說"", ""datetaken"": ""2008-03-09 11:21:51"", ""max_width"": 736, ""max_height"": 489, ""url_max"": ""https://live.staticflickr.com/2178/2323349871_9144c2f225_c.jpg"", ""max_width_2000"": 736, ""max_height_2000"": 489, ""url_max_2000"": ""https://live.staticflickr.com/2178/2323349871_9144c2f225_c.jpg"", ""flickr_page"": ""https://www.flickr.com/photos/70202166@N00/2323349871"", ""camera"": ""Nikon D3"", ""create_date"": ""2008:03:09 11:21:51"", ""lens_model"": """", ""iso"": ""1600"", ""exposure_time"": ""1/125"", ""exposure_program"": ""Manual"", ""exposure_compensation"": ""0"", ""aperture"": ""3.2"", ""focal_length"": ""29.0 mm"", ""focal_length_in35mm"": ""29 mm"", ""white_balance"": ""Manual"", ""metering_mode"": ""Multi-segment"", ""flash"": ""No Flash"", ""pageid"": ""8122""}"
2324165202|70202166@N00|8122|Nikon D3|Nikon|70202166@N00_Nikon_110e3188.json|"{""id"": ""2324165202"", ""owner"": ""70202166@N00"", ""title"": ""DSC_0808"", ""realname"": """", ""ownername"": ""黑麵之路‧不由分說"", ""datetaken"": ""2008-03-09 11:20:31"", ""max_width"": 736, ""max_height"": 489, ""url_max"": ""https://live.staticflickr.com/3178/2324165202_8b6a036022_c.jpg"", ""max_width_2000"": 736, ""max_height_2000"": 489, ""url_max_2000"": ""https://live.staticflickr.com/3178/2324165202_8b6a036022_c.jpg"", ""flickr_page"": ""https://www.flickr.com/photos/70202166@N00/2324165202"", ""camera"": ""Nikon D3"", ""create_date"": ""2008:03:09 11:20:31"", ""lens_model"": """", ""iso"": ""1600"", ""exposure_time"": ""1/125"", ""exposure_program"": ""Manual"", ""exposure_compensation"": ""0"", ""aperture"": ""3.2"", ""focal_length"": ""31.0 mm"", ""focal_length_in35mm"": ""31 mm"", ""white_balance"": ""Manual"", ""metering_mode"": ""Multi-segment"", ""flash"": ""No Flash"", ""pageid"": ""8122""}"
2323350513|70202166@N00|8122|Nikon D3|Nikon|70202166@N00_Nikon_110e3188.json|"{""id"": ""2323350513"", ""owner"": ""70202166@N00"", ""title"": ""DSC_0819"", ""realname"": """", ""ownername"": ""黑麵之路‧不由分說"", ""datetaken"": ""2008-03-09 11:22:35"", ""max_width"": 736, ""max_height"": 489, ""url_max"": ""https://live.staticflickr.com/2009/2323350513_4ae04c8e8f_c.jpg"", ""max_width_2000"": 736, ""max_height_2000"": 489, ""url_max_2000"": ""https://live.staticflickr.com/2009/2323350513_4ae04c8e8f_c.jpg"", ""flickr_page"": ""https://www.flickr.com/photos/70202166@N00/2323350513"", ""camera"": ""Nikon D3"", ""create_date"": ""2008:03:09 11:22:35"", ""lens_model"": """", ""iso"": ""1600"", ""exposure_time"": ""1/125"", ""exposure_program"": ""Manual"", ""exposure_compensation"": ""0"", ""aperture"": ""3.2"", ""focal_length"": ""38.0 mm"", ""focal_length_in35mm"": ""38 mm"", ""white_balance"": ""Manual"", ""metering_mode"": ""Multi-segment"", ""flash"": ""No Flash"", ""pageid"": ""8122""}"
2323350097|70202166@N00|8122|Nikon D3|Nikon|70202166@N00_Nikon_110e3188.json|"{""id"": ""2323350097"", ""owner"": ""70202166@N00"", ""title"": ""DSC_0817"", ""realname"": """", ""ownername"": ""黑麵之路‧不由分說"", ""datetaken"": ""2008-03-09 11:22:11"", ""max_width"": 736, ""max_height"": 489, ""url_max"": ""https://live.staticflickr.com/2012/2323350097_eaa73d69c7_c.jpg"", ""max_width_2000"": 736, ""max_height_2000"": 489, ""url_max_2000"": ""https://live.staticflickr.com/2012/2323350097_eaa73d69c7_c.jpg"", ""flickr_page"": ""https://www.flickr.com/photos/70202166@N00/2323350097"", ""camera"": ""Nikon D3"", ""create_date"": ""2008:03:09 11:22:11"", ""lens_model"": """", ""iso"": ""1600"", ""exposure_time"": ""1/125"", ""exposure_program"": ""Manual"", ""exposure_compensation"": ""0"", ""aperture"": ""3.2"", ""focal_length"": ""38.0 mm"", ""focal_length_in35mm"": ""38 mm"", ""white_balance"": ""Manual"", ""metering_mode"": ""Multi-segment"", ""flash"": ""No Flash"", ""pageid"": ""8122""}"
2323348983|70202166@N00|8122|Nikon D3|Nikon|70202166@N00_Nikon_110e3188.json|"{""id"": ""2323348983"", ""owner"": ""70202166@N00"", ""title"": ""DSC_0813"", ""realname"": """", ""ownername"": ""黑麵之路‧不由分說"", ""datetaken"": ""2008-03-09 11:21:23"", ""max_width"": 736, ""max_height"": 489, ""url_max"": ""https://live.staticflickr.com/3199/2323348983_b1e7ca38f9_c.jpg"", ""max_width_2000"": 736, ""max_height_2000"": 489, ""url_max_2000"": ""https://live.staticflickr.com/3199/2323348983_b1e7ca38f9_c.jpg"", ""flickr_page"": ""https://www.flickr.com/photos/70202166@N00/2323348983"", ""camera"": ""Nikon D3"", ""create_date"": ""2008:03:09 11:21:23"", ""lens_model"": """", ""iso"": ""1600"", ""exposure_time"": ""1/125"", ""exposure_program"": ""Manual"", ""exposure_compensation"": ""0"", ""aperture"": ""3.2"", ""focal_length"": ""38.0 mm"", ""focal_length_in35mm"": ""38 mm"", ""white_balance"": ""Manual"", ""metering_mode"": ""Multi-segment"", ""flash"": ""No Flash"", ""pageid"": ""8122""}"
2324165432|70202166@N00|8122|Nikon D3|Nikon|70202166@N00_Nikon_110e3188.json|"{""id"": ""2324165432"", ""owner"": ""70202166@N00"", ""title"": ""DSC_0809"", ""realname"": """", ""ownername"": ""黑麵之路‧不由分說"", ""datetaken"": ""2008-03-09 11:20:32"", ""max_width"": 736, ""max_height"": 489, ""url_max"": ""https://live.staticflickr.com/2362/2324165432_3051f9f0c3_c.jpg"", ""max_width_2000"": 736, ""max_height_2000"": 489, ""url_max_2000"": ""https://live.staticflickr.com/2362/2324165432_3051f9f0c3_c.jpg"", ""flickr_page"": ""https://www.flickr.com/photos/70202166@N00/2324165432"", ""camera"": ""Nikon D3"", ""create_date"": ""2008:03:09 11:20:32"", ""lens_model"": """", ""iso"": ""1600"", ""exposure_time"": ""1/125"", ""exposure_program"": ""Manual"", ""exposure_compensation"": ""0"", ""aperture"": ""3.2"", ""focal_length"": ""45.0 mm"", ""focal_length_in35mm"": ""45 mm"", ""white_balance"": ""Manual"", ""metering_mode"": ""Multi-segment"", ""flash"": ""No Flash"", ""pageid"": ""8122""}"
2324165618|70202166@N00|8122|Nikon D3|Nikon|70202166@N00_Nikon_110e3188.json|"{""id"": ""2324165618"", ""owner"": ""70202166@N00"", ""title"": ""DSC_0810"", ""realname"": """", ""ownername"": ""黑麵之路‧不由分說"", ""datetaken"": ""2008-03-09 11:20:42"", ""max_width"": 736, ""max_height"": 489, ""url_max"": ""https://live.staticflickr.com/3088/2324165618_41698ce495_c.jpg"", ""max_width_2000"": 736, ""max_height_2000"": 489, ""url_max_2000"": ""https://live.staticflickr.com/3088/2324165618_41698ce495_c.jpg"", ""flickr_page"": ""https://www.flickr.com/photos/70202166@N00/2324165618"", ""camera"": ""Nikon D3"", ""create_date"": ""2008:03:09 11:20:42"", ""lens_model"": """", ""iso"": ""1600"", ""exposure_time"": ""1/125"", ""exposure_program"": ""Manual"", ""exposure_compensation"": ""0"", ""aperture"": ""3.2"", ""focal_length"": ""45.0 mm"", ""focal_length_in35mm"": ""45 mm"", ""white_balance"": ""Manual"", ""metering_mode"": ""Multi-segment"", ""flash"": ""No Flash"", ""pageid"": ""8122""}"
2324165788|70202166@N00|8122|Nikon D3|Nikon|70202166@N00_Nikon_110e3188.json|"{""id"": ""2324165788"", ""owner"": ""70202166@N00"", ""title"": ""DSC_0811"", ""realname"": """", ""ownername"": ""黑麵之路‧不由分說"", ""datetaken"": ""2008-03-09 11:20:44"", ""max_width"": 736, ""max_height"": 489, ""url_max"": ""https://live.staticflickr.com/3205/2324165788_7fc0874d70_c.jpg"", ""max_width_2000"": 736, ""max_height_2000"": 489, ""url_max_2000"": ""https://live.staticflickr.com/3205/2324165788_7fc0874d70_c.jpg"", ""flickr_page"": ""https://www.flickr.com/photos/70202166@N00/2324165788"", ""camera"": ""Nikon D3"", ""create_date"": ""2008:03:09 11:20:44"", ""lens_model"": """", ""iso"": ""1600"", ""exposure_time"": ""1/125"", ""exposure_program"": ""Manual"", ""exposure_compensation"": ""0"", ""aperture"": ""3.2"", ""focal_length"": ""28.0 mm"", ""focal_length_in35mm"": ""28 mm"", ""white_balance"": ""Manual"", ""metering_mode"": ""Multi-segment"", ""flash"": ""No Flash"", ""pageid"": ""8122""}"
2324166956|70202166@N00|8122|Nikon D3|Nikon|70202166@N00_Nikon_110e3188.json|"{""id"": ""2324166956"", ""owner"": ""70202166@N00"", ""title"": ""DSC_0815"", ""realname"": """", ""ownername"": ""黑麵之路‧不由分說"", ""datetaken"": ""2008-03-09 11:21:46"", ""max_width"": 736, ""max_height"": 489, ""url_max"": ""https://live.staticflickr.com/3248/2324166956_6c29b89c1f_c.jpg"", ""max_width_2000"": 736, ""max_height_2000"": 489, ""url_max_2000"": ""https://live.staticflickr.com/3248/2324166956_6c29b89c1f_c.jpg"", ""flickr_page"": ""https://www.flickr.com/photos/70202166@N00/2324166956"", ""camera"": ""Nikon D3"", ""create_date"": ""2008:03:09 11:21:46"", ""lens_model"": """", ""iso"": ""1600"", ""exposure_time"": ""1/125"", ""exposure_program"": ""Manual"", ""exposure_compensation"": ""0"", ""aperture"": ""3.2"", ""focal_length"": ""36.0 mm"", ""focal_length_in35mm"": ""36 mm"", ""white_balance"": ""Manual"", ""metering_mode"": ""Multi-segment"", ""flash"": ""No Flash"", ""pageid"": ""8122""}"
2324166676|70202166@N00|8122|Nikon D3|Nikon|70202166@N00_Nikon_110e3188.json|"{""id"": ""2324166676"", ""owner"": ""70202166@N00"", ""title"": ""DSC_0814"", ""realname"": """", ""ownername"": ""黑麵之路‧不由分說"", ""datetaken"": ""2008-03-09 11:21:27"", ""max_width"": 736, ""max_height"": 489, ""url_max"": ""https://live.staticflickr.com/3093/2324166676_7251a677be_c.jpg"", ""max_width_2000"": 736, ""max_height_2000"": 489, ""url_max_2000"": ""https://live.staticflickr.com/3093/2324166676_7251a677be_c.jpg"", ""flickr_page"": ""https://www.flickr.com/photos/70202166@N00/2324166676"", ""camera"": ""Nikon D3"", ""create_date"": ""2008:03:09 11:21:27"", ""lens_model"": """", ""iso"": ""1600"", ""exposure_time"": ""1/125"", ""exposure_program"": ""Manual"", ""exposure_compensation"": ""0"", ""aperture"": ""3.2"", ""focal_length"": ""32.0 mm"", ""focal_length_in35mm"": ""32 mm"", ""white_balance"": ""Manual"", ""metering_mode"": ""Multi-segment"", ""flash"": ""No Flash"", ""pageid"": ""8122""}"
2324167780|70202166@N00|8122|Nikon D3|Nikon|70202166@N00_Nikon_110e3188.json|"{""id"": ""2324167780"", ""owner"": ""70202166@N00"", ""title"": ""DSC_0818"", ""realname"": """", ""ownername"": ""黑麵之路‧不由分說"", ""datetaken"": ""2008-03-09 11:22:12"", ""max_width"": 736, ""max_height"": 489, ""url_max"": ""https://live.staticflickr.com/2115/2324167780_172e59af63_c.jpg"", ""max_width_2000"": 736, ""max_height_2000"": 489, ""url_max_2000"": ""https://live.staticflickr.com/2115/2324167780_172e59af63_c.jpg"", ""flickr_page"": ""https://www.flickr.com/photos/70202166@N00/2324167780"", ""camera"": ""Nikon D3"", ""create_date"": ""2008:03:09 11:22:12"", ""lens_model"": """", ""iso"": ""1600"", ""exposure_time"": ""1/125"", ""exposure_program"": ""Manual"", ""exposure_compensation"": ""0"", ""aperture"": ""3.2"", ""focal_length"": ""38.0 mm"", ""focal_length_in35mm"": ""38 mm"", ""white_balance"": ""Manual"", ""metering_mode"": ""Multi-segment"", ""flash"": ""No Flash"", ""pageid"": ""8122""}"
2324168212|70202166@N00|8122|Nikon D3|Nikon|70202166@N00_Nikon_110e3188.json|"{""id"": ""2324168212"", ""owner"": ""70202166@N00"", ""title"": ""DSC_0820"", ""realname"": """", ""ownername"": ""黑麵之路‧不由分說"", ""datetaken"": ""2008-03-09 11:22:37"", ""max_width"": 736, ""max_height"": 489, ""url_max"": ""https://live.staticflickr.com/2263/2324168212_33c4ce4ed7_c.jpg"", ""max_width_2000"": 736, ""max_height_2000"": 489, ""url_max_2000"": ""https://live.staticflickr.com/2263/2324168212_33c4ce4ed7_c.jpg"", ""flickr_page"": ""https://www.flickr.com/photos/70202166@N00/2324168212"", ""camera"": ""Nikon D3"", ""create_date"": ""2008:03:09 11:22:37"", ""lens_model"": """", ""iso"": ""1600"", ""exposure_time"": ""1/125"", ""exposure_program"": ""Manual"", ""exposure_compensation"": ""0"", ""aperture"": ""3.2"", ""focal_length"": ""38.0 mm"", ""focal_length_in35mm"": ""38 mm"", ""white_balance"": ""Manual"", ""metering_mode"": ""Multi-segment"", ""flash"": ""No Flash"", ""pageid"": ""8122""}"
2323343319|70202166@N00|8123|Nikon D3|Nikon|70202166@N00_Nikon_110e3188.json|"{""id"": ""2323343319"", ""owner"": ""70202166@N00"", ""title"": ""DSC_0791"", ""realname"": """", ""ownername"": ""黑麵之路‧不由分說"", ""datetaken"": ""2008-03-09 11:18:43"", ""max_width"": 736, ""max_height"": 489, ""url_max"": ""https://live.staticflickr.com/3283/2323343319_82d3352bed_c.jpg"", ""max_width_2000"": 736, ""max_height_2000"": 489, ""url_max_2000"": ""https://live.staticflickr.com/3283/2323343319_82d3352bed_c.jpg"", ""flickr_page"": ""https://www.flickr.com/photos/70202166@N00/2323343319"", ""camera"": ""Nikon D3"", ""create_date"": ""2008:03:09 11:18:43"", ""lens_model"": """", ""iso"": ""1600"", ""exposure_time"": ""1/125"", ""exposure_program"": ""Manual"", ""exposure_compensation"": ""0"", ""aperture"": ""3.2"", ""focal_length"": ""42.0 mm"", ""focal_length_in35mm"": ""42 mm"", ""white_balance"": ""Manual"", ""metering_mode"": ""Multi-segment"", ""flash"": ""No Flash"", ""pageid"": ""8123""}"
2323344769|70202166@N00|8123|Nikon D3|Nikon|70202166@N00_Nikon_110e3188.json|"{""id"": ""2323344769"", ""owner"": ""70202166@N00"", ""title"": ""DSC_0796"", ""realname"": """", ""ownername"": ""黑麵之路‧不由分說"", ""datetaken"": ""2008-03-09 11:19:06"", ""max_width"": 736, ""max_height"": 489, ""url_max"": ""https://live.staticflickr.com/2173/2323344769_6383b06003_c.jpg"", ""max_width_2000"": 736, ""max_height_2000"": 489, ""url_max_2000"": ""https://live.staticflickr.com/2173/2323344769_6383b06003_c.jpg"", ""flickr_page"": ""https://www.flickr.com/photos/70202166@N00/2323344769"", ""camera"": ""Nikon D3"", ""create_date"": ""2008:03:09 11:19:06"", ""lens_model"": """", ""iso"": ""1600"", ""exposure_time"": ""1/125"", ""exposure_program"": ""Manual"", ""exposure_compensation"": ""0"", ""aperture"": ""3.2"", ""focal_length"": ""29.0 mm"", ""focal_length_in35mm"": ""29 mm"", ""white_balance"": ""Manual"", ""metering_mode"": ""Multi-segment"", ""flash"": ""No Flash"", ""pageid"": ""8123""}"
2323345767|70202166@N00|8123|Nikon D3|Nikon|70202166@N00_Nikon_110e3188.json|"{""id"": ""2323345767"", ""owner"": ""70202166@N00"", ""title"": ""DSC_0800"", ""realname"": """", ""ownername"": ""黑麵之路‧不由分說"", ""datetaken"": ""2008-03-09 11:19:35"", ""max_width"": 736, ""max_height"": 489, ""url_max"": ""https://live.staticflickr.com/3120/2323345767_8c950d09fd_c.jpg"", ""max_width_2000"": 736, ""max_height_2000"": 489, ""url_max_2000"": ""https://live.staticflickr.com/3120/2323345767_8c950d09fd_c.jpg"", ""flickr_page"": ""https://www.flickr.com/photos/70202166@N00/2323345767"", ""camera"": ""Nikon D3"", ""create_date"": ""2008:03:09 11:19:35"", ""lens_model"": """", ""iso"": ""1600"", ""exposure_time"": ""1/125"", ""exposure_program"": ""Manual"", ""exposure_compensation"": ""0"", ""aperture"": ""3.2"", ""focal_length"": ""38.0 mm"", ""focal_length_in35mm"": ""38 mm"", ""white_balance"": ""Manual"", ""metering_mode"": ""Multi-segment"", ""flash"": ""No Flash"", ""pageid"": ""8123""}"
2323342531|70202166@N00|8123|Nikon D3|Nikon|70202166@N00_Nikon_110e3188.json|"{""id"": ""2323342531"", ""owner"": ""70202166@N00"", ""title"": ""DSC_0788"", ""realname"": """", ""ownername"": ""黑麵之路‧不由分說"", ""datetaken"": ""2008-03-09 11:17:36"", ""max_width"": 736, ""max_height"": 489, ""url_max"": ""https://live.staticflickr.com/3292/2323342531_e99e83acca_c.jpg"", ""max_width_2000"": 736, ""max_height_2000"": 489, ""url_max_2000"": ""https://live.staticflickr.com/3292/2323342531_e99e83acca_c.jpg"", ""flickr_page"": ""https://www.flickr.com/photos/70202166@N00/2323342531"", ""camera"": ""Nikon D3"", ""create_date"": ""2008:03:09 11:17:36"", ""lens_model"": """", ""iso"": ""1600"", ""exposure_time"": ""1/125"", ""exposure_program"": ""Manual"", ""exposure_compensation"": ""0"", ""aperture"": ""3.2"", ""focal_length"": ""32.0 mm"", ""focal_length_in35mm"": ""32 mm"", ""white_balance"": ""Manual"", ""metering_mode"": ""Multi-segment"", ""flash"": ""No Flash"", ""pageid"": ""8123""}"
2323343043|70202166@N00|8123|Nikon D3|Nikon|70202166@N00_Nikon_110e3188.json|"{""id"": ""2323343043"", ""owner"": ""70202166@N00"", ""title"": ""DSC_0790"", ""realname"": """", ""ownername"": ""黑麵之路‧不由分說"", ""datetaken"": ""2008-03-09 11:18:41"", ""max_width"": 736, ""max_height"": 489, ""url_max"": ""https://live.staticflickr.com/2101/2323343043_137893f572_c.jpg"", ""max_width_2000"": 736, ""max_height_2000"": 489, ""url_max_2000"": ""https://live.staticflickr.com/2101/2323343043_137893f572_c.jpg"", ""flickr_page"": ""https://www.flickr.com/photos/70202166@N00/2323343043"", ""camera"": ""Nikon D3"", ""create_date"": ""2008:03:09 11:18:41"", ""lens_model"": """", ""iso"": ""1600"", ""exposure_time"": ""1/125"", ""exposure_program"": ""Manual"", ""exposure_compensation"": ""0"", ""aperture"": ""3.2"", ""focal_length"": ""27.0 mm"", ""focal_length_in35mm"": ""27 mm"", ""white_balance"": ""Manual"", ""metering_mode"": ""Multi-segment"", ""flash"": ""No Flash"", ""pageid"": ""8123""}"
2323345325|70202166@N00|8123|Nikon D3|Nikon|70202166@N00_Nikon_110e3188.json|"{""id"": ""2323345325"", ""owner"": ""70202166@N00"", ""title"": ""DSC_0798"", ""realname"": """", ""ownername"": ""黑麵之路‧不由分說"", ""datetaken"": ""2008-03-09 11:19:22"", ""max_width"": 736, ""max_height"": 489, ""url_max"": ""https://live.staticflickr.com/2264/2323345325_d0cb46350e_c.jpg"", ""max_width_2000"": 736, ""max_height_2000"": 489, ""url_max_2000"": ""https://live.staticflickr.com/2264/2323345325_d0cb46350e_c.jpg"", ""flickr_page"": ""https://www.flickr.com/photos/70202166@N00/2323345325"", ""camera"": ""Nikon D3"", ""create_date"": ""2008:03:09 11:19:22"", ""lens_model"": """", ""iso"": ""1600"", ""exposure_time"": ""1/125"", ""exposure_program"": ""Manual"", ""exposure_compensation"": ""0"", ""aperture"": ""3.2"", ""focal_length"": ""29.0 mm"", ""focal_length_in35mm"": ""29 mm"", ""white_balance"": ""Manual"", ""metering_mode"": ""Multi-segment"", ""flash"": ""No Flash"", ""pageid"": ""8123""}"
2323341135|70202166@N00|8123|Nikon D3|Nikon|70202166@N00_Nikon_110e3188.json|"{""id"": ""2323341135"", ""owner"": ""70202166@N00"", ""title"": ""DSC_0783"", ""realname"": """", ""ownername"": ""黑麵之路‧不由分說"", ""datetaken"": ""2008-03-09 11:17:13"", ""max_width"": 736, ""max_height"": 489, ""url_max"": ""https://live.staticflickr.com/2131/2323341135_caf44e52b4_c.jpg"", ""max_width_2000"": 736, ""max_height_2000"": 489, ""url_max_2000"": ""https://live.staticflickr.com/2131/2323341135_caf44e52b4_c.jpg"", ""flickr_page"": ""https://www.flickr.com/photos/70202166@N00/2323341135"", ""camera"": ""Nikon D3"", ""create_date"": ""2008:03:09 11:17:13"", ""lens_model"": """", ""iso"": ""1600"", ""exposure_time"": ""1/125"", ""exposure_program"": ""Manual"", ""exposure_compensation"": ""0"", ""aperture"": ""3.2"", ""focal_length"": ""48.0 mm"", ""focal_length_in35mm"": ""48 mm"", ""white_balance"": ""Manual"", ""metering_mode"": ""Multi-segment"", ""flash"": ""No Flash"", ""pageid"": ""8123""}"
2323344487|70202166@N00|8123|Nikon D3|Nikon|70202166@N00_Nikon_110e3188.json|"{""id"": ""2323344487"", ""owner"": ""70202166@N00"", ""title"": ""DSC_0795"", ""realname"": """", ""ownername"": ""黑麵之路‧不由分說"", ""datetaken"": ""2008-03-09 11:18:59"", ""max_width"": 736, ""max_height"": 489, ""url_max"": ""https://live.staticflickr.com/2278/2323344487_81327afb73_c.jpg"", ""max_width_2000"": 736, ""max_height_2000"": 489, ""url_max_2000"": ""https://live.staticflickr.com/2278/2323344487_81327afb73_c.jpg"", ""flickr_page"": ""https://www.flickr.com/photos/70202166@N00/2323344487"", ""camera"": ""Nikon D3"", ""create_date"": ""2008:03:09 11:18:59"", ""lens_model"": """", ""iso"": ""1600"", ""exposure_time"": ""1/125"", ""exposure_program"": ""Manual"", ""exposure_compensation"": ""0"", ""aperture"": ""3.2"", ""focal_length"": ""38.0 mm"", ""focal_length_in35mm"": ""38 mm"", ""white_balance"": ""Manual"", ""metering_mode"": ""Multi-segment"", ""flash"": ""No Flash"", ""pageid"": ""8123""}"
2323345063|70202166@N00|8123|Nikon D3|Nikon|70202166@N00_Nikon_110e3188.json|"{""id"": ""2323345063"", ""owner"": ""70202166@N00"", ""title"": ""DSC_0797"", ""realname"": """", ""ownername"": ""黑麵之路‧不由分說"", ""datetaken"": ""2008-03-09 11:19:08"", ""max_width"": 736, ""max_height"": 489, ""url_max"": ""https://live.staticflickr.com/3221/2323345063_7b57c4288b_c.jpg"", ""max_width_2000"": 736, ""max_height_2000"": 489, ""url_max_2000"": ""https://live.staticflickr.com/3221/2323345063_7b57c4288b_c.jpg"", ""flickr_page"": ""https://www.flickr.com/photos/70202166@N00/2323345063"", ""camera"": ""Nikon D3"", ""create_date"": ""2008:03:09 11:19:08"", ""lens_model"": """", ""iso"": ""1600"", ""exposure_time"": ""1/125"", ""exposure_program"": ""Manual"", ""exposure_compensation"": ""0"", ""aperture"": ""3.2"", ""focal_length"": ""42.0 mm"", ""focal_length_in35mm"": ""42 mm"", ""white_balance"": ""Manual"", ""metering_mode"": ""Multi-segment"", ""flash"": ""No Flash"", ""pageid"": ""8123""}"
2323343549|70202166@N00|8123|Nikon D3|Nikon|70202166@N00_Nikon_110e3188.json|"{""id"": ""2323343549"", ""owner"": ""70202166@N00"", ""title"": ""DSC_0792"", ""realname"": """", ""ownername"": ""黑麵之路‧不由分說"", ""datetaken"": ""2008-03-09 11:18:48"", ""max_width"": 736, ""max_height"": 489, ""url_max"": ""https://live.staticflickr.com/2220/2323343549_dbbeec58fe_c.jpg"", ""max_width_2000"": 736, ""max_height_2000"": 489, ""url_max_2000"": ""https://live.staticflickr.com/2220/2323343549_dbbeec58fe_c.jpg"", ""flickr_page"": ""https://www.flickr.com/photos/70202166@N00/2323343549"", ""camera"": ""Nikon D3"", ""create_date"": ""2008:03:09 11:18:48"", ""lens_model"": """", ""iso"": ""1600"", ""exposure_time"": ""1/125"", ""exposure_program"": ""Manual"", ""exposure_compensation"": ""0"", ""aperture"": ""3.2"", ""focal_length"": ""29.0 mm"", ""focal_length_in35mm"": ""29 mm"", ""white_balance"": ""Manual"", ""metering_mode"": ""Multi-segment"", ""flash"": ""No Flash"", ""pageid"": ""8123""}"
2323346589|70202166@N00|8123|Nikon D3|Nikon|70202166@N00_Nikon_110e3188.json|"{""id"": ""2323346589"", ""owner"": ""70202166@N00"", ""title"": ""DSC_0803"", ""realname"": """", ""ownername"": ""黑麵之路‧不由分說"", ""datetaken"": ""2008-03-09 11:19:53"", ""max_width"": 736, ""max_height"": 489, ""url_max"": ""https://live.staticflickr.com/3065/2323346589_bff3391e8a_c.jpg"", ""max_width_2000"": 736, ""max_height_2000"": 489, ""url_max_2000"": ""https://live.staticflickr.com/3065/2323346589_bff3391e8a_c.jpg"", ""flickr_page"": ""https://www.flickr.com/photos/70202166@N00/2323346589"", ""camera"": ""Nikon D3"", ""create_date"": ""2008:03:09 11:19:53"", ""lens_model"": """", ""iso"": ""1600"", ""exposure_time"": ""1/125"", ""exposure_program"": ""Manual"", ""exposure_compensation"": ""0"", ""aperture"": ""3.2"", ""focal_length"": ""36.0 mm"", ""focal_length_in35mm"": ""36 mm"", ""white_balance"": ""Manual"", ""metering_mode"": ""Multi-segment"", ""flash"": ""No Flash"", ""pageid"": ""8123""}"
2324159494|70202166@N00|8123|Nikon D3|Nikon|70202166@N00_Nikon_110e3188.json|"{""id"": ""2324159494"", ""owner"": ""70202166@N00"", ""title"": ""DSC_0786"", ""realname"": """", ""ownername"": ""黑麵之路‧不由分說"", ""datetaken"": ""2008-03-09 11:17:29"", ""max_width"": 736, ""max_height"": 489, ""url_max"": ""https://live.staticflickr.com/3014/2324159494_be3a02c973_c.jpg"", ""max_width_2000"": 736, ""max_height_2000"": 489, ""url_max_2000"": ""https://live.staticflickr.com/3014/2324159494_be3a02c973_c.jpg"", ""flickr_page"": ""https://www.flickr.com/photos/70202166@N00/2324159494"", ""camera"": ""Nikon D3"", ""create_date"": ""2008:03:09 11:17:29"", ""lens_model"": """", ""iso"": ""1600"", ""exposure_time"": ""1/125"", ""exposure_program"": ""Manual"", ""exposure_compensation"": ""0"", ""aperture"": ""3.2"", ""focal_length"": ""40.0 mm"", ""focal_length_in35mm"": ""40 mm"", ""white_balance"": ""Manual"", ""metering_mode"": ""Multi-segment"", ""flash"": ""No Flash"", ""pageid"": ""8123""}"
2324159760|70202166@N00|8123|Nikon D3|Nikon|70202166@N00_Nikon_110e3188.json|"{""id"": ""2324159760"", ""owner"": ""70202166@N00"", ""title"": ""DSC_0787"", ""realname"": """", ""ownername"": ""黑麵之路‧不由分說"", ""datetaken"": ""2008-03-09 11:17:31"", ""max_width"": 736, ""max_height"": 489, ""url_max"": ""https://live.staticflickr.com/3166/2324159760_17c0d88f61_c.jpg"", ""max_width_2000"": 736, ""max_height_2000"": 489, ""url_max_2000"": ""https://live.staticflickr.com/3166/2324159760_17c0d88f61_c.jpg"", ""flickr_page"": ""https://www.flickr.com/photos/70202166@N00/2324159760"", ""camera"": ""Nikon D3"", ""create_date"": ""2008:03:09 11:17:31"", ""lens_model"": """", ""iso"": ""1600"", ""exposure_time"": ""1/125"", ""exposure_program"": ""Manual"", ""exposure_compensation"": ""0"", ""aperture"": ""3.2"", ""focal_length"": ""28.0 mm"", ""focal_length_in35mm"": ""28 mm"", ""white_balance"": ""Manual"", ""metering_mode"": ""Multi-segment"", ""flash"": ""No Flash"", ""pageid"": ""8123""}"
2324159262|70202166@N00|8123|Nikon D3|Nikon|70202166@N00_Nikon_110e3188.json|"{""id"": ""2324159262"", ""owner"": ""70202166@N00"", ""title"": ""DSC_0785"", ""realname"": """", ""ownername"": ""黑麵之路‧不由分說"", ""datetaken"": ""2008-03-09 11:17:18"", ""max_width"": 736, ""max_height"": 489, ""url_max"": ""https://live.staticflickr.com/2410/2324159262_8c9a893d7a_c.jpg"", ""max_width_2000"": 736, ""max_height_2000"": 489, ""url_max_2000"": ""https://live.staticflickr.com/2410/2324159262_8c9a893d7a_c.jpg"", ""flickr_page"": ""https://www.flickr.com/photos/70202166@N00/2324159262"", ""camera"": ""Nikon D3"", ""create_date"": ""2008:03:09 11:17:18"", ""lens_model"": """", ""iso"": ""1600"", ""exposure_time"": ""1/125"", ""exposure_program"": ""Manual"", ""exposure_compensation"": ""0"", ""aperture"": ""3.2"", ""focal_length"": ""44.0 mm"", ""focal_length_in35mm"": ""44 mm"", ""white_balance"": ""Manual"", ""metering_mode"": ""Multi-segment"", ""flash"": ""No Flash"", ""pageid"": ""8123""}"
2323347359|70202166@N00|8123|Nikon D3|Nikon|70202166@N00_Nikon_110e3188.json|"{""id"": ""2323347359"", ""owner"": ""70202166@N00"", ""title"": ""DSC_0806"", ""realname"": """", ""ownername"": ""黑麵之路‧不由分說"", ""datetaken"": ""2008-03-09 11:20:22"", ""max_width"": 736, ""max_height"": 489, ""url_max"": ""https://live.staticflickr.com/2074/2323347359_4465e458f6_c.jpg"", ""max_width_2000"": 736, ""max_height_2000"": 489, ""url_max_2000"": ""https://live.staticflickr.com/2074/2323347359_4465e458f6_c.jpg"", ""flickr_page"": ""https://www.flickr.com/photos/70202166@N00/2323347359"", ""camera"": ""Nikon D3"", ""create_date"": ""2008:03:09 11:20:22"", ""lens_model"": """", ""iso"": ""1600"", ""exposure_time"": ""1/125"", ""exposure_program"": ""Manual"", ""exposure_compensation"": ""0"", ""aperture"": ""3.2"", ""focal_length"": ""29.0 mm"", ""focal_length_in35mm"": ""29 mm"", ""white_balance"": ""Manual"", ""metering_mode"": ""Multi-segment"", ""flash"": ""No Flash"", ""pageid"": ""8123""}"
2324158906|70202166@N00|8123|Nikon D3|Nikon|70202166@N00_Nikon_110e3188.json|"{""id"": ""2324158906"", ""owner"": ""70202166@N00"", ""title"": ""DSC_0784"", ""realname"": """", ""ownername"": ""黑麵之路‧不由分說"", ""datetaken"": ""2008-03-09 11:17:17"", ""max_width"": 736, ""max_height"": 489, ""url_max"": ""https://live.staticflickr.com/2047/2324158906_fcdbf0e478_c.jpg"", ""max_width_2000"": 736, ""max_height_2000"": 489, ""url_max_2000"": ""https://live.staticflickr.com/2047/2324158906_fcdbf0e478_c.jpg"", ""flickr_page"": ""https://www.flickr.com/photos/70202166@N00/2324158906"", ""camera"": ""Nikon D3"", ""create_date"": ""2008:03:09 11:17:17"", ""lens_model"": """", ""iso"": ""1600"", ""exposure_time"": ""1/125"", ""exposure_program"": ""Manual"", ""exposure_compensation"": ""0"", ""aperture"": ""3.2"", ""focal_length"": ""44.0 mm"", ""focal_length_in35mm"": ""44 mm"", ""white_balance"": ""Manual"", ""metering_mode"": ""Multi-segment"", ""flash"": ""No Flash"", ""pageid"": ""8123""}"
2324161600|70202166@N00|8123|Nikon D3|Nikon|70202166@N00_Nikon_110e3188.json|"{""id"": ""2324161600"", ""owner"": ""70202166@N00"", ""title"": ""DSC_0794"", ""realname"": """", ""ownername"": ""黑麵之路‧不由分說"", ""datetaken"": ""2008-03-09 11:18:57"", ""max_width"": 736, ""max_height"": 489, ""url_max"": ""https://live.staticflickr.com/2318/2324161600_32a4b2d811_c.jpg"", ""max_width_2000"": 736, ""max_height_2000"": 489, ""url_max_2000"": ""https://live.staticflickr.com/2318/2324161600_32a4b2d811_c.jpg"", ""flickr_page"": ""https://www.flickr.com/photos/70202166@N00/2324161600"", ""camera"": ""Nikon D3"", ""create_date"": ""2008:03:09 11:18:57"", ""lens_model"": """", ""iso"": ""1600"", ""exposure_time"": ""1/125"", ""exposure_program"": ""Manual"", ""exposure_compensation"": ""0"", ""aperture"": ""3.2"", ""focal_length"": ""27.0 mm"", ""focal_length_in35mm"": ""27 mm"", ""white_balance"": ""Manual"", ""metering_mode"": ""Multi-segment"", ""flash"": ""No Flash"", ""pageid"": ""8123""}"
2324161330|70202166@N00|8123|Nikon D3|Nikon|70202166@N00_Nikon_110e3188.json|"{""id"": ""2324161330"", ""owner"": ""70202166@N00"", ""title"": ""DSC_0793"", ""realname"": """", ""ownername"": ""黑麵之路‧不由分說"", ""datetaken"": ""2008-03-09 11:18:49"", ""max_width"": 736, ""max_height"": 489, ""url_max"": ""https://live.staticflickr.com/2045/2324161330_608f30ce6f_c.jpg"", ""max_width_2000"": 736, ""max_height_2000"": 489, ""url_max_2000"": ""https://live.staticflickr.com/2045/2324161330_608f30ce6f_c.jpg"", ""flickr_page"": ""https://www.flickr.com/photos/70202166@N00/2324161330"", ""camera"": ""Nikon D3"", ""create_date"": ""2008:03:09 11:18:49"", ""lens_model"": """", ""iso"": ""1600"", ""exposure_time"": ""1/125"", ""exposure_program"": ""Manual"", ""exposure_compensation"": ""0"", ""aperture"": ""3.2"", ""focal_length"": ""42.0 mm"", ""focal_length_in35mm"": ""42 mm"", ""white_balance"": ""Manual"", ""metering_mode"": ""Multi-segment"", ""flash"": ""No Flash"", ""pageid"": ""8123""}"
2324160258|70202166@N00|8123|Nikon D3|Nikon|70202166@N00_Nikon_110e3188.json|"{""id"": ""2324160258"", ""owner"": ""70202166@N00"", ""title"": ""DSC_0789"", ""realname"": """", ""ownername"": ""黑麵之路‧不由分說"", ""datetaken"": ""2008-03-09 11:17:38"", ""max_width"": 736, ""max_height"": 489, ""url_max"": ""https://live.staticflickr.com/2195/2324160258_83a9e81f06_c.jpg"", ""max_width_2000"": 736, ""max_height_2000"": 489, ""url_max_2000"": ""https://live.staticflickr.com/2195/2324160258_83a9e81f06_c.jpg"", ""flickr_page"": ""https://www.flickr.com/photos/70202166@N00/2324160258"", ""camera"": ""Nikon D3"", ""create_date"": ""2008:03:09 11:17:38"", ""lens_model"": """", ""iso"": ""1600"", ""exposure_time"": ""1/125"", ""exposure_program"": ""Manual"", ""exposure_compensation"": ""0"", ""aperture"": ""3.2"", ""focal_length"": ""48.0 mm"", ""focal_length_in35mm"": ""48 mm"", ""white_balance"": ""Manual"", ""metering_mode"": ""Multi-segment"", ""flash"": ""No Flash"", ""pageid"": ""8123""}"
2323346259|70202166@N00|8123|Nikon D3|Nikon|70202166@N00_Nikon_110e3188.json|"{""id"": ""2323346259"", ""owner"": ""70202166@N00"", ""title"": ""DSC_0802"", ""realname"": """", ""ownername"": ""黑麵之路‧不由分說"", ""datetaken"": ""2008-03-09 11:19:51"", ""max_width"": 736, ""max_height"": 489, ""url_max"": ""https://live.staticflickr.com/2108/2323346259_387cff0b2c_c.jpg"", ""max_width_2000"": 736, ""max_height_2000"": 489, ""url_max_2000"": ""https://live.staticflickr.com/2108/2323346259_387cff0b2c_c.jpg"", ""flickr_page"": ""https://www.flickr.com/photos/70202166@N00/2323346259"", ""camera"": ""Nikon D3"", ""create_date"": ""2008:03:09 11:19:51"", ""lens_model"": """", ""iso"": ""1600"", ""exposure_time"": ""1/125"", ""exposure_program"": ""Manual"", ""exposure_compensation"": ""0"", ""aperture"": ""3.2"", ""focal_length"": ""28.0 mm"", ""focal_length_in35mm"": ""28 mm"", ""white_balance"": ""Manual"", ""metering_mode"": ""Multi-segment"", ""flash"": ""No Flash"", ""pageid"": ""8123""}"
2324162992|70202166@N00|8123|Nikon D3|Nikon|70202166@N00_Nikon_110e3188.json|"{""id"": ""2324162992"", ""owner"": ""70202166@N00"", ""title"": ""DSC_0799"", ""realname"": """", ""ownername"": ""黑麵之路‧不由分說"", ""datetaken"": ""2008-03-09 11:19:24"", ""max_width"": 736, ""max_height"": 489, ""url_max"": ""https://live.staticflickr.com/3275/2324162992_a70933cd9d_c.jpg"", ""max_width_2000"": 736, ""max_height_2000"": 489, ""url_max_2000"": ""https://live.staticflickr.com/3275/2324162992_a70933cd9d_c.jpg"", ""flickr_page"": ""https://www.flickr.com/photos/70202166@N00/2324162992"", ""camera"": ""Nikon D3"", ""create_date"": ""2008:03:09 11:19:24"", ""lens_model"": """", ""iso"": ""1600"", ""exposure_time"": ""1/125"", ""exposure_program"": ""Manual"", ""exposure_compensation"": ""0"", ""aperture"": ""3.2"", ""focal_length"": ""38.0 mm"", ""focal_length_in35mm"": ""38 mm"", ""white_balance"": ""Manual"", ""metering_mode"": ""Multi-segment"", ""flash"": ""No Flash"", ""pageid"": ""8123""}"
2324163432|70202166@N00|8123|Nikon D3|Nikon|70202166@N00_Nikon_110e3188.json|"{""id"": ""2324163432"", ""owner"": ""70202166@N00"", ""title"": ""DSC_0801"", ""realname"": """", ""ownername"": ""黑麵之路‧不由分說"", ""datetaken"": ""2008-03-09 11:19:38"", ""max_width"": 736, ""max_height"": 489, ""url_max"": ""https://live.staticflickr.com/3094/2324163432_b6c5ac9a64_c.jpg"", ""max_width_2000"": 736, ""max_height_2000"": 489, ""url_max_2000"": ""https://live.staticflickr.com/3094/2324163432_b6c5ac9a64_c.jpg"", ""flickr_page"": ""https://www.flickr.com/photos/70202166@N00/2324163432"", ""camera"": ""Nikon D3"", ""create_date"": ""2008:03:09 11:19:38"", ""lens_model"": """", ""iso"": ""1600"", ""exposure_time"": ""1/125"", ""exposure_program"": ""Manual"", ""exposure_compensation"": ""0"", ""aperture"": ""3.2"", ""focal_length"": ""40.0 mm"", ""focal_length_in35mm"": ""40 mm"", ""white_balance"": ""Manual"", ""metering_mode"": ""Multi-segment"", ""flash"": ""No Flash"", ""pageid"": ""8123""}"
2324164446|70202166@N00|8123|Nikon D3|Nikon|70202166@N00_Nikon_110e3188.json|"{""id"": ""2324164446"", ""owner"": ""70202166@N00"", ""title"": ""DSC_0805"", ""realname"": """", ""ownername"": ""黑麵之路‧不由分說"", ""datetaken"": ""2008-03-09 11:20:07"", ""max_width"": 736, ""max_height"": 489, ""url_max"": ""https://live.staticflickr.com/3275/2324164446_922cb01b8a_c.jpg"", ""max_width_2000"": 736, ""max_height_2000"": 489, ""url_max_2000"": ""https://live.staticflickr.com/3275/2324164446_922cb01b8a_c.jpg"", ""flickr_page"": ""https://www.flickr.com/photos/70202166@N00/2324164446"", ""camera"": ""Nikon D3"", ""create_date"": ""2008:03:09 11:20:07"", ""lens_model"": """", ""iso"": ""1600"", ""exposure_time"": ""1/125"", ""exposure_program"": ""Manual"", ""exposure_compensation"": ""0"", ""aperture"": ""3.2"", ""focal_length"": ""29.0 mm"", ""focal_length_in35mm"": ""29 mm"", ""white_balance"": ""Manual"", ""metering_mode"": ""Multi-segment"", ""flash"": ""No Flash"", ""pageid"": ""8123""}"
2324164184|70202166@N00|8123|Nikon D3|Nikon|70202166@N00_Nikon_110e3188.json|"{""id"": ""2324164184"", ""owner"": ""70202166@N00"", ""title"": ""DSC_0804"", ""realname"": """", ""ownername"": ""黑麵之路‧不由分說"", ""datetaken"": ""2008-03-09 11:20:06"", ""max_width"": 736, ""max_height"": 489, ""url_max"": ""https://live.staticflickr.com/2253/2324164184_2409faffe1_c.jpg"", ""max_width_2000"": 736, ""max_height_2000"": 489, ""url_max_2000"": ""https://live.staticflickr.com/2253/2324164184_2409faffe1_c.jpg"", ""flickr_page"": ""https://www.flickr.com/photos/70202166@N00/2324164184"", ""camera"": ""Nikon D3"", ""create_date"": ""2008:03:09 11:20:06"", ""lens_model"": """", ""iso"": ""1600"", ""exposure_time"": ""1/125"", ""exposure_program"": ""Manual"", ""exposure_compensation"": ""0"", ""aperture"": ""3.2"", ""focal_length"": ""36.0 mm"", ""focal_length_in35mm"": ""36 mm"", ""white_balance"": ""Manual"", ""metering_mode"": ""Multi-segment"", ""flash"": ""No Flash"", ""pageid"": ""8123""}"
2324164922|70202166@N00|8123|Nikon D3|Nikon|70202166@N00_Nikon_110e3188.json|"{""id"": ""2324164922"", ""owner"": ""70202166@N00"", ""title"": ""DSC_0807"", ""realname"": """", ""ownername"": ""黑麵之路‧不由分說"", ""datetaken"": ""2008-03-09 11:20:24"", ""max_width"": 736, ""max_height"": 489, ""url_max"": ""https://live.staticflickr.com/2022/2324164922_952637c295_c.jpg"", ""max_width_2000"": 736, ""max_height_2000"": 489, ""url_max_2000"": ""https://live.staticflickr.com/2022/2324164922_952637c295_c.jpg"", ""flickr_page"": ""https://www.flickr.com/photos/70202166@N00/2324164922"", ""camera"": ""Nikon D3"", ""create_date"": ""2008:03:09 11:20:24"", ""lens_model"": """", ""iso"": ""1600"", ""exposure_time"": ""1/125"", ""exposure_program"": ""Manual"", ""exposure_compensation"": ""0"", ""aperture"": ""3.2"", ""focal_length"": ""44.0 mm"", ""focal_length_in35mm"": ""44 mm"", ""white_balance"": ""Manual"", ""metering_mode"": ""Multi-segment"", ""flash"": ""No Flash"", ""pageid"": ""8123""}"
2323338243|70202166@N00|8124|Nikon D3|Nikon|70202166@N00_Nikon_110e3188.json|"{""id"": ""2323338243"", ""owner"": ""70202166@N00"", ""title"": ""DSC_0772"", ""realname"": """", ""ownername"": ""黑麵之路‧不由分說"", ""datetaken"": ""2008-03-09 11:15:59"", ""max_width"": 736, ""max_height"": 489, ""url_max"": ""https://live.staticflickr.com/2076/2323338243_cfbc102475_c.jpg"", ""max_width_2000"": 736, ""max_height_2000"": 489, ""url_max_2000"": ""https://live.staticflickr.com/2076/2323338243_cfbc102475_c.jpg"", ""flickr_page"": ""https://www.flickr.com/photos/70202166@N00/2323338243"", ""camera"": ""Nikon D3"", ""create_date"": ""2008:03:09 11:15:59"", ""lens_model"": """", ""iso"": ""1600"", ""exposure_time"": ""1/125"", ""exposure_program"": ""Manual"", ""exposure_compensation"": ""0"", ""aperture"": ""3.2"", ""focal_length"": ""38.0 mm"", ""focal_length_in35mm"": ""38 mm"", ""white_balance"": ""Manual"", ""metering_mode"": ""Multi-segment"", ""flash"": ""No Flash"", ""pageid"": ""8124""}"
2323337943|70202166@N00|8124|Nikon D3|Nikon|70202166@N00_Nikon_110e3188.json|"{""id"": ""2323337943"", ""owner"": ""70202166@N00"", ""title"": ""DSC_0771"", ""realname"": """", ""ownername"": ""黑麵之路‧不由分說"", ""datetaken"": ""2008-03-09 11:15:56"", ""max_width"": 736, ""max_height"": 489, ""url_max"": ""https://live.staticflickr.com/3246/2323337943_8717032f1f_c.jpg"", ""max_width_2000"": 736, ""max_height_2000"": 489, ""url_max_2000"": ""https://live.staticflickr.com/3246/2323337943_8717032f1f_c.jpg"", ""flickr_page"": ""https://www.flickr.com/photos/70202166@N00/2323337943"", ""camera"": ""Nikon D3"", ""create_date"": ""2008:03:09 11:15:56"", ""lens_model"": """", ""iso"": ""1600"", ""exposure_time"": ""1/125"", ""exposure_program"": ""Manual"", ""exposure_compensation"": ""0"", ""aperture"": ""3.2"", ""focal_length"": ""31.0 mm"", ""focal_length_in35mm"": ""31 mm"", ""white_balance"": ""Manual"", ""metering_mode"": ""Multi-segment"", ""flash"": ""No Flash"", ""pageid"": ""8124""}"
2323335407|70202166@N00|8124|Nikon D3|Nikon|70202166@N00_Nikon_110e3188.json|"{""id"": ""2323335407"", ""owner"": ""70202166@N00"", ""title"": ""DSC_0762"", ""realname"": """", ""ownername"": ""黑麵之路‧不由分說"", ""datetaken"": ""2008-03-09 11:14:56"", ""max_width"": 736, ""max_height"": 489, ""url_max"": ""https://live.staticflickr.com/3245/2323335407_14390faa8f_c.jpg"", ""max_width_2000"": 736, ""max_height_2000"": 489, ""url_max_2000"": ""https://live.staticflickr.com/3245/2323335407_14390faa8f_c.jpg"", ""flickr_page"": ""https://www.flickr.com/photos/70202166@N00/2323335407"", ""camera"": ""Nikon D3"", ""create_date"": ""2008:03:09 11:14:56"", ""lens_model"": """", ""iso"": ""1600"", ""exposure_time"": ""1/125"", ""exposure_program"": ""Manual"", ""exposure_compensation"": ""0"", ""aperture"": ""3.2"", ""focal_length"": ""42.0 mm"", ""focal_length_in35mm"": ""42 mm"", ""white_balance"": ""Manual"", ""metering_mode"": ""Multi-segment"", ""flash"": ""No Flash"", ""pageid"": ""8124""}"
2323336901|70202166@N00|8124|Nikon D3|Nikon|70202166@N00_Nikon_110e3188.json|"{""id"": ""2323336901"", ""owner"": ""70202166@N00"", ""title"": ""DSC_0767"", ""realname"": """", ""ownername"": ""黑麵之路‧不由分說"", ""datetaken"": ""2008-03-09 11:15:32"", ""max_width"": 736, ""max_height"": 489, ""url_max"": ""https://live.staticflickr.com/2306/2323336901_955cf20839_c.jpg"", ""max_width_2000"": 736, ""max_height_2000"": 489, ""url_max_2000"": ""https://live.staticflickr.com/2306/2323336901_955cf20839_c.jpg"", ""flickr_page"": ""https://www.flickr.com/photos/70202166@N00/2323336901"", ""camera"": ""Nikon D3"", ""create_date"": ""2008:03:09 11:15:32"", ""lens_model"": """", ""iso"": ""1600"", ""exposure_time"": ""1/125"", ""exposure_program"": ""Manual"", ""exposure_compensation"": ""0"", ""aperture"": ""3.2"", ""focal_length"": ""28.0 mm"", ""focal_length_in35mm"": ""28 mm"", ""white_balance"": ""Manual"", ""metering_mode"": ""Multi-segment"", ""flash"": ""No Flash"", ""pageid"": ""8124""}"
2323336587|70202166@N00|8124|Nikon D3|Nikon|70202166@N00_Nikon_110e3188.json|"{""id"": ""2323336587"", ""owner"": ""70202166@N00"", ""title"": ""DSC_0766"", ""realname"": """", ""ownername"": ""黑麵之路‧不由分說"", ""datetaken"": ""2008-03-09 11:15:23"", ""max_width"": 736, ""max_height"": 489, ""url_max"": ""https://live.staticflickr.com/2374/2323336587_04dc0c3f6e_c.jpg"", ""max_width_2000"": 736, ""max_height_2000"": 489, ""url_max_2000"": ""https://live.staticflickr.com/2374/2323336587_04dc0c3f6e_c.jpg"", ""flickr_page"": ""https://www.flickr.com/photos/70202166@N00/2323336587"", ""camera"": ""Nikon D3"", ""create_date"": ""2008:03:09 11:15:23"", ""lens_model"": """", ""iso"": ""1600"", ""exposure_time"": ""1/125"", ""exposure_program"": ""Manual"", ""exposure_compensation"": ""0"", ""aperture"": ""3.2"", ""focal_length"": ""38.0 mm"", ""focal_length_in35mm"": ""38 mm"", ""white_balance"": ""Manual"", ""metering_mode"": ""Multi-segment"", ""flash"": ""No Flash"", ""pageid"": ""8124""}"
2323334493|70202166@N00|8124|Nikon D3|Nikon|70202166@N00_Nikon_110e3188.json|"{""id"": ""2323334493"", ""owner"": ""70202166@N00"", ""title"": ""DSC_0759"", ""realname"": """", ""ownername"": ""黑麵之路‧不由分說"", ""datetaken"": ""2008-03-09 11:14:34"", ""max_width"": 736, ""max_height"": 489, ""url_max"": ""https://live.staticflickr.com/2056/2323334493_86cf21325a_c.jpg"", ""max_width_2000"": 736, ""max_height_2000"": 489, ""url_max_2000"": ""https://live.staticflickr.com/2056/2323334493_86cf21325a_c.jpg"", ""flickr_page"": ""https://www.flickr.com/photos/70202166@N00/2323334493"", ""camera"": ""Nikon D3"", ""create_date"": ""2008:03:09 11:14:34"", ""lens_model"": """", ""iso"": ""1600"", ""exposure_time"": ""1/125"", ""exposure_program"": ""Manual"", ""exposure_compensation"": ""0"", ""aperture"": ""3.2"", ""focal_length"": ""38.0 mm"", ""focal_length_in35mm"": ""38 mm"", ""white_balance"": ""Manual"", ""metering_mode"": ""Multi-segment"", ""flash"": ""No Flash"", ""pageid"": ""8124""}"
2323339593|70202166@N00|8124|Nikon D3|Nikon|70202166@N00_Nikon_110e3188.json|"{""id"": ""2323339593"", ""owner"": ""70202166@N00"", ""title"": ""DSC_0777"", ""realname"": """", ""ownername"": ""黑麵之路‧不由分說"", ""datetaken"": ""2008-03-09 11:16:37"", ""max_width"": 736, ""max_height"": 489, ""url_max"": ""https://live.staticflickr.com/2130/2323339593_bbd7ac656a_c.jpg"", ""max_width_2000"": 736, ""max_height_2000"": 489, ""url_max_2000"": ""https://live.staticflickr.com/2130/2323339593_bbd7ac656a_c.jpg"", ""flickr_page"": ""https://www.flickr.com/photos/70202166@N00/2323339593"", ""camera"": ""Nikon D3"", ""create_date"": ""2008:03:09 11:16:37"", ""lens_model"": """", ""iso"": ""1600"", ""exposure_time"": ""1/125"", ""exposure_program"": ""Manual"", ""exposure_compensation"": ""0"", ""aperture"": ""3.2"", ""focal_length"": ""34.0 mm"", ""focal_length_in35mm"": ""34 mm"", ""white_balance"": ""Manual"", ""metering_mode"": ""Multi-segment"", ""flash"": ""No Flash"", ""pageid"": ""8124""}"
2323338527|70202166@N00|8124|Nikon D3|Nikon|70202166@N00_Nikon_110e3188.json|"{""id"": ""2323338527"", ""owner"": ""70202166@N00"", ""title"": ""DSC_0773"", ""realname"": """", ""ownername"": ""黑麵之路‧不由分說"", ""datetaken"": ""2008-03-09 11:16:01"", ""max_width"": 736, ""max_height"": 489, ""url_max"": ""https://live.staticflickr.com/2309/2323338527_812f1568ba_c.jpg"", ""max_width_2000"": 736, ""max_height_2000"": 489, ""url_max_2000"": ""https://live.staticflickr.com/2309/2323338527_812f1568ba_c.jpg"", ""flickr_page"": ""https://www.flickr.com/photos/70202166@N00/2323338527"", ""camera"": ""Nikon D3"", ""create_date"": ""2008:03:09 11:16:01"", ""lens_model"": """", ""iso"": ""1600"", ""exposure_time"": ""1/125"", ""exposure_program"": ""Manual"", ""exposure_compensation"": ""0"", ""aperture"": ""3.2"", ""focal_length"": ""40.0 mm"", ""focal_length_in35mm"": ""40 mm"", ""white_balance"": ""Manual"", ""metering_mode"": ""Multi-segment"", ""flash"": ""No Flash"", ""pageid"": ""8124""}"
2323334287|70202166@N00|8124|Nikon D3|Nikon|70202166@N00_Nikon_110e3188.json|"{""id"": ""2323334287"", ""owner"": ""70202166@N00"", ""title"": ""DSC_0758"", ""realname"": """", ""ownername"": ""黑麵之路‧不由分說"", ""datetaken"": ""2008-03-09 11:14:29"", ""max_width"": 736, ""max_height"": 489, ""url_max"": ""https://live.staticflickr.com/2017/2323334287_d6a3f2bcaf_c.jpg"", ""max_width_2000"": 736, ""max_height_2000"": 489, ""url_max_2000"": ""https://live.staticflickr.com/2017/2323334287_d6a3f2bcaf_c.jpg"", ""flickr_page"": ""https://www.flickr.com/photos/70202166@N00/2323334287"", ""camera"": ""Nikon D3"", ""create_date"": ""2008:03:09 11:14:29"", ""lens_model"": """", ""iso"": ""1600"", ""exposure_time"": ""1/125"", ""exposure_program"": ""Manual"", ""exposure_compensation"": ""0"", ""aperture"": ""3.2"", ""focal_length"": ""38.0 mm"", ""focal_length_in35mm"": ""38 mm"", ""white_balance"": ""Manual"", ""metering_mode"": ""Multi-segment"", ""flash"": ""No Flash"", ""pageid"": ""8124""}"
2323339023|70202166@N00|8124|Nikon D3|Nikon|70202166@N00_Nikon_110e3188.json|"{""id"": ""2323339023"", ""owner"": ""70202166@N00"", ""title"": ""DSC_0775"", ""realname"": """", ""ownername"": ""黑麵之路‧不由分說"", ""datetaken"": ""2008-03-09 11:16:14"", ""max_width"": 736, ""max_height"": 489, ""url_max"": ""https://live.staticflickr.com/3237/2323339023_aa9f3c592d_c.jpg"", ""max_width_2000"": 736, ""max_height_2000"": 489, ""url_max_2000"": ""https://live.staticflickr.com/3237/2323339023_aa9f3c592d_c.jpg"", ""flickr_page"": ""https://www.flickr.com/photos/70202166@N00/2323339023"", ""camera"": ""Nikon D3"", ""create_date"": ""2008:03:09 11:16:14"", ""lens_model"": """", ""iso"": ""1600"", ""exposure_time"": ""1/125"", ""exposure_program"": ""Manual"", ""exposure_compensation"": ""0"", ""aperture"": ""3.2"", ""focal_length"": ""35.0 mm"", ""focal_length_in35mm"": ""35 mm"", ""white_balance"": ""Manual"", ""metering_mode"": ""Multi-segment"", ""flash"": ""No Flash"", ""pageid"": ""8124""}"
2324152116|70202166@N00|8124|Nikon D3|Nikon|70202166@N00_Nikon_110e3188.json|"{""id"": ""2324152116"", ""owner"": ""70202166@N00"", ""title"": ""DSC_0760"", ""realname"": """", ""ownername"": ""黑麵之路‧不由分說"", ""datetaken"": ""2008-03-09 11:14:38"", ""max_width"": 736, ""max_height"": 489, ""url_max"": ""https://live.staticflickr.com/2076/2324152116_e0a45a4786_c.jpg"", ""max_width_2000"": 736, ""max_height_2000"": 489, ""url_max_2000"": ""https://live.staticflickr.com/2076/2324152116_e0a45a4786_c.jpg"", ""flickr_page"": ""https://www.flickr.com/photos/70202166@N00/2324152116"", ""camera"": ""Nikon D3"", ""create_date"": ""2008:03:09 11:14:38"", ""lens_model"": """", ""iso"": ""1600"", ""exposure_time"": ""1/125"", ""exposure_program"": ""Manual"", ""exposure_compensation"": ""0"", ""aperture"": ""3.2"", ""focal_length"": ""36.0 mm"", ""focal_length_in35mm"": ""36 mm"", ""white_balance"": ""Manual"", ""metering_mode"": ""Multi-segment"", ""flash"": ""No Flash"", ""pageid"": ""8124""}"
2324153374|70202166@N00|8124|Nikon D3|Nikon|70202166@N00_Nikon_110e3188.json|"{""id"": ""2324153374"", ""owner"": ""70202166@N00"", ""title"": ""DSC_0764"", ""realname"": """", ""ownername"": ""黑麵之路‧不由分說"", ""datetaken"": ""2008-03-09 11:15:07"", ""max_width"": 736, ""max_height"": 489, ""url_max"": ""https://live.staticflickr.com/2158/2324153374_16421cac7a_c.jpg"", ""max_width_2000"": 736, ""max_height_2000"": 489, ""url_max_2000"": ""https://live.staticflickr.com/2158/2324153374_16421cac7a_c.jpg"", ""flickr_page"": ""https://www.flickr.com/photos/70202166@N00/2324153374"", ""camera"": ""Nikon D3"", ""create_date"": ""2008:03:09 11:15:07"", ""lens_model"": """", ""iso"": ""1600"", ""exposure_time"": ""1/125"", ""exposure_program"": ""Manual"", ""exposure_compensation"": ""0"", ""aperture"": ""3.2"", ""focal_length"": ""38.0 mm"", ""focal_length_in35mm"": ""38 mm"", ""white_balance"": ""Manual"", ""metering_mode"": ""Multi-segment"", ""flash"": ""No Flash"", ""pageid"": ""8124""}"
2323340873|70202166@N00|8124|Nikon D3|Nikon|70202166@N00_Nikon_110e3188.json|"{""id"": ""2323340873"", ""owner"": ""70202166@N00"", ""title"": ""DSC_0782"", ""realname"": """", ""ownername"": ""黑麵之路‧不由分說"", ""datetaken"": ""2008-03-09 11:17:11"", ""max_width"": 736, ""max_height"": 489, ""url_max"": ""https://live.staticflickr.com/2038/2323340873_37e3ef1478_c.jpg"", ""max_width_2000"": 736, ""max_height_2000"": 489, ""url_max_2000"": ""https://live.staticflickr.com/2038/2323340873_37e3ef1478_c.jpg"", ""flickr_page"": ""https://www.flickr.com/photos/70202166@N00/2323340873"", ""camera"": ""Nikon D3"", ""create_date"": ""2008:03:09 11:17:11"", ""lens_model"": """", ""iso"": ""1600"", ""exposure_time"": ""1/125"", ""exposure_program"": ""Manual"", ""exposure_compensation"": ""0"", ""aperture"": ""3.2"", ""focal_length"": ""48.0 mm"", ""focal_length_in35mm"": ""48 mm"", ""white_balance"": ""Manual"", ""metering_mode"": ""Multi-segment"", ""flash"": ""No Flash"", ""pageid"": ""8124""}"
2324154534|70202166@N00|8124|Nikon D3|Nikon|70202166@N00_Nikon_110e3188.json|"{""id"": ""2324154534"", ""owner"": ""70202166@N00"", ""title"": ""DSC_0768"", ""realname"": """", ""ownername"": ""黑麵之路‧不由分說"", ""datetaken"": ""2008-03-09 11:15:35"", ""max_width"": 736, ""max_height"": 489, ""url_max"": ""https://live.staticflickr.com/2210/2324154534_9185c46807_c.jpg"", ""max_width_2000"": 736, ""max_height_2000"": 489, ""url_max_2000"": ""https://live.staticflickr.com/2210/2324154534_9185c46807_c.jpg"", ""flickr_page"": ""https://www.flickr.com/photos/70202166@N00/2324154534"", ""camera"": ""Nikon D3"", ""create_date"": ""2008:03:09 11:15:35"", ""lens_model"": """", ""iso"": ""1600"", ""exposure_time"": ""1/125"", ""exposure_program"": ""Manual"", ""exposure_compensation"": ""0"", ""aperture"": ""3.2"", ""focal_length"": ""34.0 mm"", ""focal_length_in35mm"": ""34 mm"", ""white_balance"": ""Manual"", ""metering_mode"": ""Multi-segment"", ""flash"": ""No Flash"", ""pageid"": ""8124""}"
2323340655|70202166@N00|8124|Nikon D3|Nikon|70202166@N00_Nikon_110e3188.json|"{""id"": ""2323340655"", ""owner"": ""70202166@N00"", ""title"": ""DSC_0781"", ""realname"": """", ""ownername"": ""黑麵之路‧不由分說"", ""datetaken"": ""2008-03-09 11:17:04"", ""max_width"": 736, ""max_height"": 489, ""url_max"": ""https://live.staticflickr.com/2172/2323340655_3b67bcf57f_c.jpg"", ""max_width_2000"": 736, ""max_height_2000"": 489, ""url_max_2000"": ""https://live.staticflickr.com/2172/2323340655_3b67bcf57f_c.jpg"", ""flickr_page"": ""https://www.flickr.com/photos/70202166@N00/2323340655"", ""camera"": ""Nikon D3"", ""create_date"": ""2008:03:09 11:17:04"", ""lens_model"": """", ""iso"": ""1600"", ""exposure_time"": ""1/125"", ""exposure_program"": ""Manual"", ""exposure_compensation"": ""0"", ""aperture"": ""3.2"", ""focal_length"": ""29.0 mm"", ""focal_length_in35mm"": ""29 mm"", ""white_balance"": ""Manual"", ""metering_mode"": ""Multi-segment"", ""flash"": ""No Flash"", ""pageid"": ""8124""}"
2324153654|70202166@N00|8124|Nikon D3|Nikon|70202166@N00_Nikon_110e3188.json|"{""id"": ""2324153654"", ""owner"": ""70202166@N00"", ""title"": ""DSC_0765"", ""realname"": """", ""ownername"": ""黑麵之路‧不由分說"", ""datetaken"": ""2008-03-09 11:15:20"", ""max_width"": 736, ""max_height"": 489, ""url_max"": ""https://live.staticflickr.com/3185/2324153654_765bc2af2f_c.jpg"", ""max_width_2000"": 736, ""max_height_2000"": 489, ""url_max_2000"": ""https://live.staticflickr.com/3185/2324153654_765bc2af2f_c.jpg"", ""flickr_page"": ""https://www.flickr.com/photos/70202166@N00/2324153654"", ""camera"": ""Nikon D3"", ""create_date"": ""2008:03:09 11:15:20"", ""lens_model"": """", ""iso"": ""1600"", ""exposure_time"": ""1/125"", ""exposure_program"": ""Manual"", ""exposure_compensation"": ""0"", ""aperture"": ""3.2"", ""focal_length"": ""32.0 mm"", ""focal_length_in35mm"": ""32 mm"", ""white_balance"": ""Manual"", ""metering_mode"": ""Multi-segment"", ""flash"": ""No Flash"", ""pageid"": ""8124""}"
2324152434|70202166@N00|8124|Nikon D3|Nikon|70202166@N00_Nikon_110e3188.json|"{""id"": ""2324152434"", ""owner"": ""70202166@N00"", ""title"": ""DSC_0761"", ""realname"": """", ""ownername"": ""黑麵之路‧不由分說"", ""datetaken"": ""2008-03-09 11:14:54"", ""max_width"": 736, ""max_height"": 489, ""url_max"": ""https://live.staticflickr.com/3011/2324152434_4134a8262a_c.jpg"", ""max_width_2000"": 736, ""max_height_2000"": 489, ""url_max_2000"": ""https://live.staticflickr.com/3011/2324152434_4134a8262a_c.jpg"", ""flickr_page"": ""https://www.flickr.com/photos/70202166@N00/2324152434"", ""camera"": ""Nikon D3"", ""create_date"": ""2008:03:09 11:14:54"", ""lens_model"": """", ""iso"": ""1600"", ""exposure_time"": ""1/125"", ""exposure_program"": ""Manual"", ""exposure_compensation"": ""0"", ""aperture"": ""3.2"", ""focal_length"": ""31.0 mm"", ""focal_length_in35mm"": ""31 mm"", ""white_balance"": ""Manual"", ""metering_mode"": ""Multi-segment"", ""flash"": ""No Flash"", ""pageid"": ""8124""}"
2324153010|70202166@N00|8124|Nikon D3|Nikon|70202166@N00_Nikon_110e3188.json|"{""id"": ""2324153010"", ""owner"": ""70202166@N00"", ""title"": ""DSC_0763"", ""realname"": """", ""ownername"": ""黑麵之路‧不由分說"", ""datetaken"": ""2008-03-09 11:15:06"", ""max_width"": 736, ""max_height"": 489, ""url_max"": ""https://live.staticflickr.com/3028/2324153010_eff164f163_c.jpg"", ""max_width_2000"": 736, ""max_height_2000"": 489, ""url_max_2000"": ""https://live.staticflickr.com/3028/2324153010_eff164f163_c.jpg"", ""flickr_page"": ""https://www.flickr.com/photos/70202166@N00/2324153010"", ""camera"": ""Nikon D3"", ""create_date"": ""2008:03:09 11:15:06"", ""lens_model"": """", ""iso"": ""1600"", ""exposure_time"": ""1/125"", ""exposure_program"": ""Manual"", ""exposure_compensation"": ""0"", ""aperture"": ""3.2"", ""focal_length"": ""31.0 mm"", ""focal_length_in35mm"": ""31 mm"", ""white_balance"": ""Manual"", ""metering_mode"": ""Multi-segment"", ""flash"": ""No Flash"", ""pageid"": ""8124""}"
2324155098|70202166@N00|8124|Nikon D3|Nikon|70202166@N00_Nikon_110e3188.json|"{""id"": ""2324155098"", ""owner"": ""70202166@N00"", ""title"": ""DSC_0770"", ""realname"": """", ""ownername"": ""黑麵之路‧不由分說"", ""datetaken"": ""2008-03-09 11:15:47"", ""max_width"": 736, ""max_height"": 489, ""url_max"": ""https://live.staticflickr.com/2258/2324155098_e8f4707e0c_c.jpg"", ""max_width_2000"": 736, ""max_height_2000"": 489, ""url_max_2000"": ""https://live.staticflickr.com/2258/2324155098_e8f4707e0c_c.jpg"", ""flickr_page"": ""https://www.flickr.com/photos/70202166@N00/2324155098"", ""camera"": ""Nikon D3"", ""create_date"": ""2008:03:09 11:15:47"", ""lens_model"": """", ""iso"": ""1600"", ""exposure_time"": ""1/125"", ""exposure_program"": ""Manual"", ""exposure_compensation"": ""0"", ""aperture"": ""3.2"", ""focal_length"": ""36.0 mm"", ""focal_length_in35mm"": ""36 mm"", ""white_balance"": ""Manual"", ""metering_mode"": ""Multi-segment"", ""flash"": ""No Flash"", ""pageid"": ""8124""}"
2324154806|70202166@N00|8124|Nikon D3|Nikon|70202166@N00_Nikon_110e3188.json|"{""id"": ""2324154806"", ""owner"": ""70202166@N00"", ""title"": ""DSC_0769"", ""realname"": """", ""ownername"": ""黑麵之路‧不由分說"", ""datetaken"": ""2008-03-09 11:15:45"", ""max_width"": 736, ""max_height"": 489, ""url_max"": ""https://live.staticflickr.com/2153/2324154806_8bab586063_c.jpg"", ""max_width_2000"": 736, ""max_height_2000"": 489, ""url_max_2000"": ""https://live.staticflickr.com/2153/2324154806_8bab586063_c.jpg"", ""flickr_page"": ""https://www.flickr.com/photos/70202166@N00/2324154806"", ""camera"": ""Nikon D3"", ""create_date"": ""2008:03:09 11:15:45"", ""lens_model"": """", ""iso"": ""1600"", ""exposure_time"": ""1/125"", ""exposure_program"": ""Manual"", ""exposure_compensation"": ""0"", ""aperture"": ""3.2"", ""focal_length"": ""29.0 mm"", ""focal_length_in35mm"": ""29 mm"", ""white_balance"": ""Manual"", ""metering_mode"": ""Multi-segment"", ""flash"": ""No Flash"", ""pageid"": ""8124""}"
2324156782|70202166@N00|8124|Nikon D3|Nikon|70202166@N00_Nikon_110e3188.json|"{""id"": ""2324156782"", ""owner"": ""70202166@N00"", ""title"": ""DSC_0776"", ""realname"": """", ""ownername"": ""黑麵之路‧不由分說"", ""datetaken"": ""2008-03-09 11:16:19"", ""max_width"": 736, ""max_height"": 489, ""url_max"": ""https://live.staticflickr.com/2186/2324156782_daec01b70c_c.jpg"", ""max_width_2000"": 736, ""max_height_2000"": 489, ""url_max_2000"": ""https://live.staticflickr.com/2186/2324156782_daec01b70c_c.jpg"", ""flickr_page"": ""https://www.flickr.com/photos/70202166@N00/2324156782"", ""camera"": ""Nikon D3"", ""create_date"": ""2008:03:09 11:16:19"", ""lens_model"": """", ""iso"": ""1600"", ""exposure_time"": ""1/125"", ""exposure_program"": ""Manual"", ""exposure_compensation"": ""0"", ""aperture"": ""3.2"", ""focal_length"": ""35.0 mm"", ""focal_length_in35mm"": ""35 mm"", ""white_balance"": ""Manual"", ""metering_mode"": ""Multi-segment"", ""flash"": ""No Flash"", ""pageid"": ""8124""}"
2324156260|70202166@N00|8124|Nikon D3|Nikon|70202166@N00_Nikon_110e3188.json|"{""id"": ""2324156260"", ""owner"": ""70202166@N00"", ""title"": ""DSC_0774"", ""realname"": """", ""ownername"": ""黑麵之路‧不由分說"", ""datetaken"": ""2008-03-09 11:16:12"", ""max_width"": 736, ""max_height"": 489, ""url_max"": ""https://live.staticflickr.com/2127/2324156260_d03e79be1e_c.jpg"", ""max_width_2000"": 736, ""max_height_2000"": 489, ""url_max_2000"": ""https://live.staticflickr.com/2127/2324156260_d03e79be1e_c.jpg"", ""flickr_page"": ""https://www.flickr.com/photos/70202166@N00/2324156260"", ""camera"": ""Nikon D3"", ""create_date"": ""2008:03:09 11:16:12"", ""lens_model"": """", ""iso"": ""1600"", ""exposure_time"": ""1/125"", ""exposure_program"": ""Manual"", ""exposure_compensation"": ""0"", ""aperture"": ""3.2"", ""focal_length"": ""35.0 mm"", ""focal_length_in35mm"": ""35 mm"", ""white_balance"": ""Manual"", ""metering_mode"": ""Multi-segment"", ""flash"": ""No Flash"", ""pageid"": ""8124""}"
2324157274|70202166@N00|8124|Nikon D3|Nikon|70202166@N00_Nikon_110e3188.json|"{""id"": ""2324157274"", ""owner"": ""70202166@N00"", ""title"": ""DSC_0778"", ""realname"": """", ""ownername"": ""黑麵之路‧不由分說"", ""datetaken"": ""2008-03-09 11:16:39"", ""max_width"": 736, ""max_height"": 489, ""url_max"": ""https://live.staticflickr.com/2227/2324157274_2bb2f7c5d9_c.jpg"", ""max_width_2000"": 736, ""max_height_2000"": 489, ""url_max_2000"": ""https://live.staticflickr.com/2227/2324157274_2bb2f7c5d9_c.jpg"", ""flickr_page"": ""https://www.flickr.com/photos/70202166@N00/2324157274"", ""camera"": ""Nikon D3"", ""create_date"": ""2008:03:09 11:16:39"", ""lens_model"": """", ""iso"": ""1600"", ""exposure_time"": ""1/125"", ""exposure_program"": ""Manual"", ""exposure_compensation"": ""0"", ""aperture"": ""3.2"", ""focal_length"": ""24.0 mm"", ""focal_length_in35mm"": ""24 mm"", ""white_balance"": ""Manual"", ""metering_mode"": ""Multi-segment"", ""flash"": ""No Flash"", ""pageid"": ""8124""}"
2324157800|70202166@N00|8124|Nikon D3|Nikon|70202166@N00_Nikon_110e3188.json|"{""id"": ""2324157800"", ""owner"": ""70202166@N00"", ""title"": ""DSC_0780"", ""realname"": """", ""ownername"": ""黑麵之路‧不由分說"", ""datetaken"": ""2008-03-09 11:16:58"", ""max_width"": 736, ""max_height"": 489, ""url_max"": ""https://live.staticflickr.com/3157/2324157800_ee14bb43ef_c.jpg"", ""max_width_2000"": 736, ""max_height_2000"": 489, ""url_max_2000"": ""https://live.staticflickr.com/3157/2324157800_ee14bb43ef_c.jpg"", ""flickr_page"": ""https://www.flickr.com/photos/70202166@N00/2324157800"", ""camera"": ""Nikon D3"", ""create_date"": ""2008:03:09 11:16:58"", ""lens_model"": """", ""iso"": ""1600"", ""exposure_time"": ""1/125"", ""exposure_program"": ""Manual"", ""exposure_compensation"": ""0"", ""aperture"": ""3.2"", ""focal_length"": ""44.0 mm"", ""focal_length_in35mm"": ""44 mm"", ""white_balance"": ""Manual"", ""metering_mode"": ""Multi-segment"", ""flash"": ""No Flash"", ""pageid"": ""8124""}"
2324157578|70202166@N00|8124|Nikon D3|Nikon|70202166@N00_Nikon_110e3188.json|"{""id"": ""2324157578"", ""owner"": ""70202166@N00"", ""title"": ""DSC_0779"", ""realname"": """", ""ownername"": ""黑麵之路‧不由分說"", ""datetaken"": ""2008-03-09 11:16:41"", ""max_width"": 736, ""max_height"": 489, ""url_max"": ""https://live.staticflickr.com/2368/2324157578_1381bd714e_c.jpg"", ""max_width_2000"": 736, ""max_height_2000"": 489, ""url_max_2000"": ""https://live.staticflickr.com/2368/2324157578_1381bd714e_c.jpg"", ""flickr_page"": ""https://www.flickr.com/photos/70202166@N00/2324157578"", ""camera"": ""Nikon D3"", ""create_date"": ""2008:03:09 11:16:41"", ""lens_model"": """", ""iso"": ""1600"", ""exposure_time"": ""1/125"", ""exposure_program"": ""Manual"", ""exposure_compensation"": ""0"", ""aperture"": ""3.2"", ""focal_length"": ""35.0 mm"", ""focal_length_in35mm"": ""35 mm"", ""white_balance"": ""Manual"", ""metering_mode"": ""Multi-segment"", ""flash"": ""No Flash"", ""pageid"": ""8124""}"
2323331839|70202166@N00|8125|Nikon D3|Nikon|70202166@N00_Nikon_110e3188.json|"{""id"": ""2323331839"", ""owner"": ""70202166@N00"", ""title"": ""DSC_0749"", ""realname"": """", ""ownername"": ""黑麵之路‧不由分說"", ""datetaken"": ""2008-03-09 11:13:00"", ""max_width"": 736, ""max_height"": 489, ""url_max"": ""https://live.staticflickr.com/2063/2323331839_751442ebf9_c.jpg"", ""max_width_2000"": 736, ""max_height_2000"": 489, ""url_max_2000"": ""https://live.staticflickr.com/2063/2323331839_751442ebf9_c.jpg"", ""flickr_page"": ""https://www.flickr.com/photos/70202166@N00/2323331839"", ""camera"": ""Nikon D3"", ""create_date"": ""2008:03:09 11:13:00"", ""lens_model"": """", ""iso"": ""1600"", ""exposure_time"": ""1/125"", ""exposure_program"": ""Manual"", ""exposure_compensation"": ""0"", ""aperture"": ""3.2"", ""focal_length"": ""32.0 mm"", ""focal_length_in35mm"": ""32 mm"", ""white_balance"": ""Manual"", ""metering_mode"": ""Multi-segment"", ""flash"": ""No Flash"", ""pageid"": ""8125""}"
2323330523|70202166@N00|8125|Nikon D3|Nikon|70202166@N00_Nikon_110e3188.json|"{""id"": ""2323330523"", ""owner"": ""70202166@N00"", ""title"": ""DSC_0743"", ""realname"": """", ""ownername"": ""黑麵之路‧不由分說"", ""datetaken"": ""2008-03-09 11:00:03"", ""max_width"": 736, ""max_height"": 489, ""url_max"": ""https://live.staticflickr.com/3246/2323330523_9d6636f7e3_c.jpg"", ""max_width_2000"": 736, ""max_height_2000"": 489, ""url_max_2000"": ""https://live.staticflickr.com/3246/2323330523_9d6636f7e3_c.jpg"", ""flickr_page"": ""https://www.flickr.com/photos/70202166@N00/2323330523"", ""camera"": ""Nikon D3"", ""create_date"": ""2008:03:09 11:00:03"", ""lens_model"": """", ""iso"": ""1600"", ""exposure_time"": ""1/100"", ""exposure_program"": ""Manual"", ""exposure_compensation"": ""0"", ""aperture"": ""3.2"", ""focal_length"": ""42.0 mm"", ""focal_length_in35mm"": ""42 mm"", ""white_balance"": ""Manual"", ""metering_mode"": ""Multi-segment"", ""flash"": ""No Flash"", ""pageid"": ""8125""}"
2323327899|70202166@N00|8125|Nikon D3|Nikon|70202166@N00_Nikon_110e3188.json|"{""id"": ""2323327899"", ""owner"": ""70202166@N00"", ""title"": ""DSC_0732"", ""realname"": """", ""ownername"": ""黑麵之路‧不由分說"", ""datetaken"": ""2008-03-09 10:57:36"", ""max_width"": 736, ""max_height"": 489, ""url_max"": ""https://live.staticflickr.com/2268/2323327899_affd537381_c.jpg"", ""max_width_2000"": 736, ""max_height_2000"": 489, ""url_max_2000"": ""https://live.staticflickr.com/2268/2323327899_affd537381_c.jpg"", ""flickr_page"": ""https://www.flickr.com/photos/70202166@N00/2323327899"", ""camera"": ""Nikon D3"", ""create_date"": ""2008:03:09 10:57:36"", ""lens_model"": """", ""iso"": ""1600"", ""exposure_time"": ""1/100"", ""exposure_program"": ""Manual"", ""exposure_compensation"": ""0"", ""aperture"": ""3.2"", ""focal_length"": ""38.0 mm"", ""focal_length_in35mm"": ""38 mm"", ""white_balance"": ""Auto"", ""metering_mode"": ""Multi-segment"", ""flash"": ""No Flash"", ""pageid"": ""8125""}"
2323329419|70202166@N00|8125|Nikon D3|Nikon|70202166@N00_Nikon_110e3188.json|"{""id"": ""2323329419"", ""owner"": ""70202166@N00"", ""title"": ""DSC_0739"", ""realname"": """", ""ownername"": ""黑麵之路‧不由分說"", ""datetaken"": ""2008-03-09 10:59:35"", ""max_width"": 736, ""max_height"": 489, ""url_max"": ""https://live.staticflickr.com/2236/2323329419_5a5fb59f68_c.jpg"", ""max_width_2000"": 736, ""max_height_2000"": 489, ""url_max_2000"": ""https://live.staticflickr.com/2236/2323329419_5a5fb59f68_c.jpg"", ""flickr_page"": ""https://www.flickr.com/photos/70202166@N00/2323329419"", ""camera"": ""Nikon D3"", ""create_date"": ""2008:03:09 10:59:35"", ""lens_model"": """", ""iso"": ""1600"", ""exposure_time"": ""1/100"", ""exposure_program"": ""Manual"", ""exposure_compensation"": ""0"", ""aperture"": ""3.2"", ""focal_length"": ""36.0 mm"", ""focal_length_in35mm"": ""36 mm"", ""white_balance"": ""Manual"", ""metering_mode"": ""Multi-segment"", ""flash"": ""No Flash"", ""pageid"": ""8125""}"
2323333595|70202166@N00|8125|Nikon D3|Nikon|70202166@N00_Nikon_110e3188.json|"{""id"": ""2323333595"", ""owner"": ""70202166@N00"", ""title"": ""DSC_0755"", ""realname"": """", ""ownername"": ""黑麵之路‧不由分說"", ""datetaken"": ""2008-03-09 11:14:10"", ""max_width"": 736, ""max_height"": 489, ""url_max"": ""https://live.staticflickr.com/2028/2323333595_3b6efe955b_c.jpg"", ""max_width_2000"": 736, ""max_height_2000"": 489, ""url_max_2000"": ""https://live.staticflickr.com/2028/2323333595_3b6efe955b_c.jpg"", ""flickr_page"": ""https://www.flickr.com/photos/70202166@N00/2323333595"", ""camera"": ""Nikon D3"", ""create_date"": ""2008:03:09 11:14:10"", ""lens_model"": """", ""iso"": ""1600"", ""exposure_time"": ""1/125"", ""exposure_program"": ""Manual"", ""exposure_compensation"": ""0"", ""aperture"": ""3.2"", ""focal_length"": ""29.0 mm"", ""focal_length_in35mm"": ""29 mm"", ""white_balance"": ""Manual"", ""metering_mode"": ""Multi-segment"", ""flash"": ""No Flash"", ""pageid"": ""8125""}"
2323328533|70202166@N00|8125|Nikon D3|Nikon|70202166@N00_Nikon_110e3188.json|"{""id"": ""2323328533"", ""owner"": ""70202166@N00"", ""title"": ""DSC_0736"", ""realname"": """", ""ownername"": ""黑麵之路‧不由分說"", ""datetaken"": ""2008-03-09 10:58:44"", ""max_width"": 736, ""max_height"": 489, ""url_max"": ""https://live.staticflickr.com/2268/2323328533_c1bac33c13_c.jpg"", ""max_width_2000"": 736, ""max_height_2000"": 489, ""url_max_2000"": ""https://live.staticflickr.com/2268/2323328533_c1bac33c13_c.jpg"", ""flickr_page"": ""https://www.flickr.com/photos/70202166@N00/2323328533"", ""camera"": ""Nikon D3"", ""create_date"": ""2008:03:09 10:58:44"", ""lens_model"": """", ""iso"": ""1600"", ""exposure_time"": ""1/100"", ""exposure_program"": ""Manual"", ""exposure_compensation"": ""0"", ""aperture"": ""3.2"", ""focal_length"": ""35.0 mm"", ""focal_length_in35mm"": ""35 mm"", ""white_balance"": ""Manual"", ""metering_mode"": ""Multi-segment"", ""flash"": ""No Flash"", ""pageid"": ""8125""}"
2323331281|70202166@N00|8125|Nikon D3|Nikon|70202166@N00_Nikon_110e3188.json|"{""id"": ""2323331281"", ""owner"": ""70202166@N00"", ""title"": ""DSC_0746"", ""realname"": """", ""ownername"": ""黑麵之路‧不由分說"", ""datetaken"": ""2008-03-09 11:12:49"", ""max_width"": 736, ""max_height"": 489, ""url_max"": ""https://live.staticflickr.com/2237/2323331281_875c822709_c.jpg"", ""max_width_2000"": 736, ""max_height_2000"": 489, ""url_max_2000"": ""https://live.staticflickr.com/2237/2323331281_875c822709_c.jpg"", ""flickr_page"": ""https://www.flickr.com/photos/70202166@N00/2323331281"", ""camera"": ""Nikon D3"", ""create_date"": ""2008:03:09 11:12:49"", ""lens_model"": """", ""iso"": ""1600"", ""exposure_time"": ""1/125"", ""exposure_program"": ""Manual"", ""exposure_compensation"": ""0"", ""aperture"": ""3.2"", ""focal_length"": ""35.0 mm"", ""focal_length_in35mm"": ""35 mm"", ""white_balance"": ""Manual"", ""metering_mode"": ""Multi-segment"", ""flash"": ""No Flash"", ""pageid"": ""8125""}"
2323332709|70202166@N00|8125|Nikon D3|Nikon|70202166@N00_Nikon_110e3188.json|"{""id"": ""2323332709"", ""owner"": ""70202166@N00"", ""title"": ""DSC_0752"", ""realname"": """", ""ownername"": ""黑麵之路‧不由分說"", ""datetaken"": ""2008-03-09 11:13:22"", ""max_width"": 736, ""max_height"": 489, ""url_max"": ""https://live.staticflickr.com/2340/2323332709_e9d2d321a9_c.jpg"", ""max_width_2000"": 736, ""max_height_2000"": 489, ""url_max_2000"": ""https://live.staticflickr.com/2340/2323332709_e9d2d321a9_c.jpg"", ""flickr_page"": ""https://www.flickr.com/photos/70202166@N00/2323332709"", ""camera"": ""Nikon D3"", ""create_date"": ""2008:03:09 11:13:22"", ""lens_model"": """", ""iso"": ""1600"", ""exposure_time"": ""1/125"", ""exposure_program"": ""Manual"", ""exposure_compensation"": ""0"", ""aperture"": ""3.2"", ""focal_length"": ""32.0 mm"", ""focal_length_in35mm"": ""32 mm"", ""white_balance"": ""Manual"", ""metering_mode"": ""Multi-segment"", ""flash"": ""No Flash"", ""pageid"": ""8125""}"
2323329711|70202166@N00|8125|Nikon D3|Nikon|70202166@N00_Nikon_110e3188.json|"{""id"": ""2323329711"", ""owner"": ""70202166@N00"", ""title"": ""DSC_0740"", ""realname"": """", ""ownername"": ""黑麵之路‧不由分說"", ""datetaken"": ""2008-03-09 10:59:37"", ""max_width"": 736, ""max_height"": 489, ""url_max"": ""https://live.staticflickr.com/2318/2323329711_8ef0c01516_c.jpg"", ""max_width_2000"": 736, ""max_height_2000"": 489, ""url_max_2000"": ""https://live.staticflickr.com/2318/2323329711_8ef0c01516_c.jpg"", ""flickr_page"": ""https://www.flickr.com/photos/70202166@N00/2323329711"", ""camera"": ""Nikon D3"", ""create_date"": ""2008:03:09 10:59:37"", ""lens_model"": """", ""iso"": ""1600"", ""exposure_time"": ""1/100"", ""exposure_program"": ""Manual"", ""exposure_compensation"": ""0"", ""aperture"": ""3.2"", ""focal_length"": ""36.0 mm"", ""focal_length_in35mm"": ""36 mm"", ""white_balance"": ""Manual"", ""metering_mode"": ""Multi-segment"", ""flash"": ""No Flash"", ""pageid"": ""8125""}"
2323334085|70202166@N00|8125|Nikon D3|Nikon|70202166@N00_Nikon_110e3188.json|"{""id"": ""2323334085"", ""owner"": ""70202166@N00"", ""title"": ""DSC_0757"", ""realname"": """", ""ownername"": ""黑麵之路‧不由分說"", ""datetaken"": ""2008-03-09 11:14:19"", ""max_width"": 736, ""max_height"": 489, ""url_max"": ""https://live.staticflickr.com/2406/2323334085_b9255363a4_c.jpg"", ""max_width_2000"": 736, ""max_height_2000"": 489, ""url_max_2000"": ""https://live.staticflickr.com/2406/2323334085_b9255363a4_c.jpg"", ""flickr_page"": ""https://www.flickr.com/photos/70202166@N00/2323334085"", ""camera"": ""Nikon D3"", ""create_date"": ""2008:03:09 11:14:19"", ""lens_model"": """", ""iso"": ""1600"", ""exposure_time"": ""1/125"", ""exposure_program"": ""Manual"", ""exposure_compensation"": ""0"", ""aperture"": ""3.2"", ""focal_length"": ""35.0 mm"", ""focal_length_in35mm"": ""35 mm"", ""white_balance"": ""Manual"", ""metering_mode"": ""Multi-segment"", ""flash"": ""No Flash"", ""pageid"": ""8125""}"
2324145048|70202166@N00|8125|Nikon D3|Nikon|70202166@N00_Nikon_110e3188.json|"{""id"": ""2324145048"", ""owner"": ""70202166@N00"", ""title"": ""DSC_0730"", ""realname"": """", ""ownername"": ""黑麵之路‧不由分說"", ""datetaken"": ""2008-03-09 09:58:22"", ""max_width"": 489, ""max_height"": 736, ""url_max"": ""https://live.staticflickr.com/2374/2324145048_f2e9049377_c.jpg"", ""max_width_2000"": 489, ""max_height_2000"": 736, ""url_max_2000"": ""https://live.staticflickr.com/2374/2324145048_f2e9049377_c.jpg"", ""flickr_page"": ""https://www.flickr.com/photos/70202166@N00/2324145048"", ""camera"": ""Nikon D3"", ""create_date"": ""2008:03:09 09:58:22"", ""lens_model"": """", ""iso"": ""1600"", ""exposure_time"": ""1/200"", ""exposure_program"": ""Manual"", ""exposure_compensation"": ""0"", ""aperture"": ""3.5"", ""focal_length"": ""50.0 mm"", ""focal_length_in35mm"": ""50 mm"", ""white_balance"": ""Auto"", ""metering_mode"": ""Multi-segment"", ""flash"": ""No Flash"", ""pageid"": ""8125""}"
2324148376|70202166@N00|8125|Nikon D3|Nikon|70202166@N00_Nikon_110e3188.json|"{""id"": ""2324148376"", ""owner"": ""70202166@N00"", ""title"": ""DSC_0744"", ""realname"": """", ""ownername"": ""黑麵之路‧不由分說"", ""datetaken"": ""2008-03-09 11:12:31"", ""max_width"": 736, ""max_height"": 489, ""url_max"": ""https://live.staticflickr.com/2271/2324148376_e80f7d9ccd_c.jpg"", ""max_width_2000"": 736, ""max_height_2000"": 489, ""url_max_2000"": ""https://live.staticflickr.com/2271/2324148376_e80f7d9ccd_c.jpg"", ""flickr_page"": ""https://www.flickr.com/photos/70202166@N00/2324148376"", ""camera"": ""Nikon D3"", ""create_date"": ""2008:03:09 11:12:31"", ""lens_model"": """", ""iso"": ""1600"", ""exposure_time"": ""1/100"", ""exposure_program"": ""Manual"", ""exposure_compensation"": ""0"", ""aperture"": ""3.2"", ""focal_length"": ""32.0 mm"", ""focal_length_in35mm"": ""32 mm"", ""white_balance"": ""Manual"", ""metering_mode"": ""Multi-segment"", ""flash"": ""No Flash"", ""pageid"": ""8125""}"
2324146374|70202166@N00|8125|Nikon D3|Nikon|70202166@N00_Nikon_110e3188.json|"{""id"": ""2324146374"", ""owner"": ""70202166@N00"", ""title"": ""DSC_0737"", ""realname"": """", ""ownername"": ""黑麵之路‧不由分說"", ""datetaken"": ""2008-03-09 10:59:03"", ""max_width"": 736, ""max_height"": 489, ""url_max"": ""https://live.staticflickr.com/2094/2324146374_6c4f4ed4e5_c.jpg"", ""max_width_2000"": 736, ""max_height_2000"": 489, ""url_max_2000"": ""https://live.staticflickr.com/2094/2324146374_6c4f4ed4e5_c.jpg"", ""flickr_page"": ""https://www.flickr.com/photos/70202166@N00/2324146374"", ""camera"": ""Nikon D3"", ""create_date"": ""2008:03:09 10:59:03"", ""lens_model"": """", ""iso"": ""1600"", ""exposure_time"": ""1/100"", ""exposure_program"": ""Manual"", ""exposure_compensation"": ""0"", ""aperture"": ""3.2"", ""focal_length"": ""42.0 mm"", ""focal_length_in35mm"": ""42 mm"", ""white_balance"": ""Manual"", ""metering_mode"": ""Multi-segment"", ""flash"": ""No Flash"", ""pageid"": ""8125""}"
2324145640|70202166@N00|8125|Nikon D3|Nikon|70202166@N00_Nikon_110e3188.json|"{""id"": ""2324145640"", ""owner"": ""70202166@N00"", ""title"": ""DSC_0735"", ""realname"": """", ""ownername"": ""黑麵之路‧不由分說"", ""datetaken"": ""2008-03-09 10:58:35"", ""max_width"": 736, ""max_height"": 489, ""url_max"": ""https://live.staticflickr.com/2125/2324145640_a43fe9053e_c.jpg"", ""max_width_2000"": 736, ""max_height_2000"": 489, ""url_max_2000"": ""https://live.staticflickr.com/2125/2324145640_a43fe9053e_c.jpg"", ""flickr_page"": ""https://www.flickr.com/photos/70202166@N00/2324145640"", ""camera"": ""Nikon D3"", ""create_date"": ""2008:03:09 10:58:35"", ""lens_model"": """", ""iso"": ""1600"", ""exposure_time"": ""1/100"", ""exposure_program"": ""Manual"", ""exposure_compensation"": ""0"", ""aperture"": ""3.2"", ""focal_length"": ""38.0 mm"", ""focal_length_in35mm"": ""38 mm"", ""white_balance"": ""Manual"", ""metering_mode"": ""Multi-segment"", ""flash"": ""No Flash"", ""pageid"": ""8125""}"
2324148596|70202166@N00|8125|Nikon D3|Nikon|70202166@N00_Nikon_110e3188.json|"{""id"": ""2324148596"", ""owner"": ""70202166@N00"", ""title"": ""DSC_0745"", ""realname"": """", ""ownername"": ""黑麵之路‧不由分說"", ""datetaken"": ""2008-03-09 11:12:40"", ""max_width"": 736, ""max_height"": 489, ""url_max"": ""https://live.staticflickr.com/2350/2324148596_76cf669599_c.jpg"", ""max_width_2000"": 736, ""max_height_2000"": 489, ""url_max_2000"": ""https://live.staticflickr.com/2350/2324148596_76cf669599_c.jpg"", ""flickr_page"": ""https://www.flickr.com/photos/70202166@N00/2324148596"", ""camera"": ""Nikon D3"", ""create_date"": ""2008:03:09 11:12:40"", ""lens_model"": """", ""iso"": ""1600"", ""exposure_time"": ""1/125"", ""exposure_program"": ""Manual"", ""exposure_compensation"": ""0"", ""aperture"": ""3.2"", ""focal_length"": ""32.0 mm"", ""focal_length_in35mm"": ""32 mm"", ""white_balance"": ""Manual"", ""metering_mode"": ""Multi-segment"", ""flash"": ""No Flash"", ""pageid"": ""8125""}"
2324146660|70202166@N00|8125|Nikon D3|Nikon|70202166@N00_Nikon_110e3188.json|"{""id"": ""2324146660"", ""owner"": ""70202166@N00"", ""title"": ""DSC_0738"", ""realname"": """", ""ownername"": ""黑麵之路‧不由分說"", ""datetaken"": ""2008-03-09 10:59:09"", ""max_width"": 736, ""max_height"": 489, ""url_max"": ""https://live.staticflickr.com/2268/2324146660_601afc4e4c_c.jpg"", ""max_width_2000"": 736, ""max_height_2000"": 489, ""url_max_2000"": ""https://live.staticflickr.com/2268/2324146660_601afc4e4c_c.jpg"", ""flickr_page"": ""https://www.flickr.com/photos/70202166@N00/2324146660"", ""camera"": ""Nikon D3"", ""create_date"": ""2008:03:09 10:59:09"", ""lens_model"": """", ""iso"": ""1600"", ""exposure_time"": ""1/100"", ""exposure_program"": ""Manual"", ""exposure_compensation"": ""0"", ""aperture"": ""3.2"", ""focal_length"": ""31.0 mm"", ""focal_length_in35mm"": ""31 mm"", ""white_balance"": ""Manual"", ""metering_mode"": ""Multi-segment"", ""flash"": ""No Flash"", ""pageid"": ""8125""}"
2324147898|70202166@N00|8125|Nikon D3|Nikon|70202166@N00_Nikon_110e3188.json|"{""id"": ""2324147898"", ""owner"": ""70202166@N00"", ""title"": ""DSC_0742"", ""realname"": """", ""ownername"": ""黑麵之路‧不由分說"", ""datetaken"": ""2008-03-09 10:59:54"", ""max_width"": 736, ""max_height"": 489, ""url_max"": ""https://live.staticflickr.com/3125/2324147898_3caa4e86e7_c.jpg"", ""max_width_2000"": 736, ""max_height_2000"": 489, ""url_max_2000"": ""https://live.staticflickr.com/3125/2324147898_3caa4e86e7_c.jpg"", ""flickr_page"": ""https://www.flickr.com/photos/70202166@N00/2324147898"", ""camera"": ""Nikon D3"", ""create_date"": ""2008:03:09 10:59:54"", ""lens_model"": """", ""iso"": ""1600"", ""exposure_time"": ""1/100"", ""exposure_program"": ""Manual"", ""exposure_compensation"": ""0"", ""aperture"": ""3.2"", ""focal_length"": ""40.0 mm"", ""focal_length_in35mm"": ""40 mm"", ""white_balance"": ""Manual"", ""metering_mode"": ""Multi-segment"", ""flash"": ""No Flash"", ""pageid"": ""8125""}"
2324147596|70202166@N00|8125|Nikon D3|Nikon|70202166@N00_Nikon_110e3188.json|"{""id"": ""2324147596"", ""owner"": ""70202166@N00"", ""title"": ""DSC_0741"", ""realname"": """", ""ownername"": ""黑麵之路‧不由分說"", ""datetaken"": ""2008-03-09 10:59:42"", ""max_width"": 736, ""max_height"": 489, ""url_max"": ""https://live.staticflickr.com/3296/2324147596_893c0741aa_c.jpg"", ""max_width_2000"": 736, ""max_height_2000"": 489, ""url_max_2000"": ""https://live.staticflickr.com/3296/2324147596_893c0741aa_c.jpg"", ""flickr_page"": ""https://www.flickr.com/photos/70202166@N00/2324147596"", ""camera"": ""Nikon D3"", ""create_date"": ""2008:03:09 10:59:42"", ""lens_model"": """", ""iso"": ""1600"", ""exposure_time"": ""1/100"", ""exposure_program"": ""Manual"", ""exposure_compensation"": ""0"", ""aperture"": ""3.2"", ""focal_length"": ""38.0 mm"", ""focal_length_in35mm"": ""38 mm"", ""white_balance"": ""Manual"", ""metering_mode"": ""Multi-segment"", ""flash"": ""No Flash"", ""pageid"": ""8125""}"
2324149198|70202166@N00|8125|Nikon D3|Nikon|70202166@N00_Nikon_110e3188.json|"{""id"": ""2324149198"", ""owner"": ""70202166@N00"", ""title"": ""DSC_0748"", ""realname"": """", ""ownername"": ""黑麵之路‧不由分說"", ""datetaken"": ""2008-03-09 11:12:58"", ""max_width"": 736, ""max_height"": 489, ""url_max"": ""https://live.staticflickr.com/3253/2324149198_987b039233_c.jpg"", ""max_width_2000"": 736, ""max_height_2000"": 489, ""url_max_2000"": ""https://live.staticflickr.com/3253/2324149198_987b039233_c.jpg"", ""flickr_page"": ""https://www.flickr.com/photos/70202166@N00/2324149198"", ""camera"": ""Nikon D3"", ""create_date"": ""2008:03:09 11:12:58"", ""lens_model"": """", ""iso"": ""1600"", ""exposure_time"": ""1/125"", ""exposure_program"": ""Manual"", ""exposure_compensation"": ""0"", ""aperture"": ""3.2"", ""focal_length"": ""34.0 mm"", ""focal_length_in35mm"": ""34 mm"", ""white_balance"": ""Manual"", ""metering_mode"": ""Multi-segment"", ""flash"": ""No Flash"", ""pageid"": ""8125""}"
2324148988|70202166@N00|8125|Nikon D3|Nikon|70202166@N00_Nikon_110e3188.json|"{""id"": ""2324148988"", ""owner"": ""70202166@N00"", ""title"": ""DSC_0747"", ""realname"": """", ""ownername"": ""黑麵之路‧不由分說"", ""datetaken"": ""2008-03-09 11:12:52"", ""max_width"": 736, ""max_height"": 489, ""url_max"": ""https://live.staticflickr.com/2177/2324148988_32c9c44c72_c.jpg"", ""max_width_2000"": 736, ""max_height_2000"": 489, ""url_max_2000"": ""https://live.staticflickr.com/2177/2324148988_32c9c44c72_c.jpg"", ""flickr_page"": ""https://www.flickr.com/photos/70202166@N00/2324148988"", ""camera"": ""Nikon D3"", ""create_date"": ""2008:03:09 11:12:52"", ""lens_model"": """", ""iso"": ""1600"", ""exposure_time"": ""1/125"", ""exposure_program"": ""Manual"", ""exposure_compensation"": ""0"", ""aperture"": ""3.2"", ""focal_length"": ""31.0 mm"", ""focal_length_in35mm"": ""31 mm"", ""white_balance"": ""Manual"", ""metering_mode"": ""Multi-segment"", ""flash"": ""No Flash"", ""pageid"": ""8125""}"
2324149676|70202166@N00|8125|Nikon D3|Nikon|70202166@N00_Nikon_110e3188.json|"{""id"": ""2324149676"", ""owner"": ""70202166@N00"", ""title"": ""DSC_0750"", ""realname"": """", ""ownername"": ""黑麵之路‧不由分說"", ""datetaken"": ""2008-03-09 11:13:10"", ""max_width"": 736, ""max_height"": 489, ""url_max"": ""https://live.staticflickr.com/3113/2324149676_46c8e1bf9b_c.jpg"", ""max_width_2000"": 736, ""max_height_2000"": 489, ""url_max_2000"": ""https://live.staticflickr.com/3113/2324149676_46c8e1bf9b_c.jpg"", ""flickr_page"": ""https://www.flickr.com/photos/70202166@N00/2324149676"", ""camera"": ""Nikon D3"", ""create_date"": ""2008:03:09 11:13:10"", ""lens_model"": """", ""iso"": ""1600"", ""exposure_time"": ""1/125"", ""exposure_program"": ""Manual"", ""exposure_compensation"": ""0"", ""aperture"": ""3.2"", ""focal_length"": ""34.0 mm"", ""focal_length_in35mm"": ""34 mm"", ""white_balance"": ""Manual"", ""metering_mode"": ""Multi-segment"", ""flash"": ""No Flash"", ""pageid"": ""8125""}"
2324150524|70202166@N00|8125|Nikon D3|Nikon|70202166@N00_Nikon_110e3188.json|"{""id"": ""2324150524"", ""owner"": ""70202166@N00"", ""title"": ""DSC_0753"", ""realname"": """", ""ownername"": ""黑麵之路‧不由分說"", ""datetaken"": ""2008-03-09 11:14:01"", ""max_width"": 736, ""max_height"": 489, ""url_max"": ""https://live.staticflickr.com/2020/2324150524_e6767d1fd4_c.jpg"", ""max_width_2000"": 736, ""max_height_2000"": 489, ""url_max_2000"": ""https://live.staticflickr.com/2020/2324150524_e6767d1fd4_c.jpg"", ""flickr_page"": ""https://www.flickr.com/photos/70202166@N00/2324150524"", ""camera"": ""Nikon D3"", ""create_date"": ""2008:03:09 11:14:01"", ""lens_model"": """", ""iso"": ""1600"", ""exposure_time"": ""1/125"", ""exposure_program"": ""Manual"", ""exposure_compensation"": ""0"", ""aperture"": ""3.2"", ""focal_length"": ""27.0 mm"", ""focal_length_in35mm"": ""27 mm"", ""white_balance"": ""Manual"", ""metering_mode"": ""Multi-segment"", ""flash"": ""No Flash"", ""pageid"": ""8125""}"
2324150752|70202166@N00|8125|Nikon D3|Nikon|70202166@N00_Nikon_110e3188.json|"{""id"": ""2324150752"", ""owner"": ""70202166@N00"", ""title"": ""DSC_0754"", ""realname"": """", ""ownername"": ""黑麵之路‧不由分說"", ""datetaken"": ""2008-03-09 11:14:03"", ""max_width"": 736, ""max_height"": 489, ""url_max"": ""https://live.staticflickr.com/2387/2324150752_24cf9d4a86_c.jpg"", ""max_width_2000"": 736, ""max_height_2000"": 489, ""url_max_2000"": ""https://live.staticflickr.com/2387/2324150752_24cf9d4a86_c.jpg"", ""flickr_page"": ""https://www.flickr.com/photos/70202166@N00/2324150752"", ""camera"": ""Nikon D3"", ""create_date"": ""2008:03:09 11:14:03"", ""lens_model"": """", ""iso"": ""1600"", ""exposure_time"": ""1/125"", ""exposure_program"": ""Manual"", ""exposure_compensation"": ""0"", ""aperture"": ""3.2"", ""focal_length"": ""27.0 mm"", ""focal_length_in35mm"": ""27 mm"", ""white_balance"": ""Manual"", ""metering_mode"": ""Multi-segment"", ""flash"": ""No Flash"", ""pageid"": ""8125""}"
2324151392|70202166@N00|8125|Nikon D3|Nikon|70202166@N00_Nikon_110e3188.json|"{""id"": ""2324151392"", ""owner"": ""70202166@N00"", ""title"": ""DSC_0756"", ""realname"": """", ""ownername"": ""黑麵之路‧不由分說"", ""datetaken"": ""2008-03-09 11:14:12"", ""max_width"": 736, ""max_height"": 489, ""url_max"": ""https://live.staticflickr.com/3205/2324151392_6201c42dca_c.jpg"", ""max_width_2000"": 736, ""max_height_2000"": 489, ""url_max_2000"": ""https://live.staticflickr.com/3205/2324151392_6201c42dca_c.jpg"", ""flickr_page"": ""https://www.flickr.com/photos/70202166@N00/2324151392"", ""camera"": ""Nikon D3"", ""create_date"": ""2008:03:09 11:14:12"", ""lens_model"": """", ""iso"": ""1600"", ""exposure_time"": ""1/125"", ""exposure_program"": ""Manual"", ""exposure_compensation"": ""0"", ""aperture"": ""3.2"", ""focal_length"": ""38.0 mm"", ""focal_length_in35mm"": ""38 mm"", ""white_balance"": ""Manual"", ""metering_mode"": ""Multi-segment"", ""flash"": ""No Flash"", ""pageid"": ""8125""}"
2324149968|70202166@N00|8125|Nikon D3|Nikon|70202166@N00_Nikon_110e3188.json|"{""id"": ""2324149968"", ""owner"": ""70202166@N00"", ""title"": ""DSC_0751"", ""realname"": """", ""ownername"": ""黑麵之路‧不由分說"", ""datetaken"": ""2008-03-09 11:13:21"", ""max_width"": 736, ""max_height"": 489, ""url_max"": ""https://live.staticflickr.com/2162/2324149968_c4f327bdd4_c.jpg"", ""max_width_2000"": 736, ""max_height_2000"": 489, ""url_max_2000"": ""https://live.staticflickr.com/2162/2324149968_c4f327bdd4_c.jpg"", ""flickr_page"": ""https://www.flickr.com/photos/70202166@N00/2324149968"", ""camera"": ""Nikon D3"", ""create_date"": ""2008:03:09 11:13:21"", ""lens_model"": """", ""iso"": ""1600"", ""exposure_time"": ""1/125"", ""exposure_program"": ""Manual"", ""exposure_compensation"": ""0"", ""aperture"": ""3.2"", ""focal_length"": ""35.0 mm"", ""focal_length_in35mm"": ""35 mm"", ""white_balance"": ""Manual"", ""metering_mode"": ""Multi-segment"", ""flash"": ""No Flash"", ""pageid"": ""8125""}"
2323322387|70202166@N00|8126|Nikon D3|Nikon|70202166@N00_Nikon_110e3188.json|"{""id"": ""2323322387"", ""owner"": ""70202166@N00"", ""title"": ""DSC_0704"", ""realname"": """", ""ownername"": ""黑麵之路‧不由分說"", ""datetaken"": ""2008-03-09 09:56:36"", ""max_width"": 489, ""max_height"": 736, ""url_max"": ""https://live.staticflickr.com/3021/2323322387_5ddc8b82ae_c.jpg"", ""max_width_2000"": 489, ""max_height_2000"": 736, ""url_max_2000"": ""https://live.staticflickr.com/3021/2323322387_5ddc8b82ae_c.jpg"", ""flickr_page"": ""https://www.flickr.com/photos/70202166@N00/2323322387"", ""camera"": ""Nikon D3"", ""create_date"": ""2008:03:09 09:56:36"", ""lens_model"": """", ""iso"": ""1600"", ""exposure_time"": ""1/200"", ""exposure_program"": ""Manual"", ""exposure_compensation"": ""0"", ""aperture"": ""3.5"", ""focal_length"": ""36.0 mm"", ""focal_length_in35mm"": ""36 mm"", ""white_balance"": ""Auto"", ""metering_mode"": ""Multi-segment"", ""flash"": ""No Flash"", ""pageid"": ""8126""}"
2323327187|70202166@N00|8126|Nikon D3|Nikon|70202166@N00_Nikon_110e3188.json|"{""id"": ""2323327187"", ""owner"": ""70202166@N00"", ""title"": ""DSC_0728"", ""realname"": """", ""ownername"": ""黑麵之路‧不由分說"", ""datetaken"": ""2008-03-09 09:58:14"", ""max_width"": 736, ""max_height"": 489, ""url_max"": ""https://live.staticflickr.com/3232/2323327187_71c161892b_c.jpg"", ""max_width_2000"": 736, ""max_height_2000"": 489, ""url_max_2000"": ""https://live.staticflickr.com/3232/2323327187_71c161892b_c.jpg"", ""flickr_page"": ""https://www.flickr.com/photos/70202166@N00/2323327187"", ""camera"": ""Nikon D3"", ""create_date"": ""2008:03:09 09:58:14"", ""lens_model"": """", ""iso"": ""1600"", ""exposure_time"": ""1/200"", ""exposure_program"": ""Manual"", ""exposure_compensation"": ""0"", ""aperture"": ""3.5"", ""focal_length"": ""44.0 mm"", ""focal_length_in35mm"": ""44 mm"", ""white_balance"": ""Auto"", ""metering_mode"": ""Multi-segment"", ""flash"": ""No Flash"", ""pageid"": ""8126""}"
2323322947|70202166@N00|8126|Nikon D3|Nikon|70202166@N00_Nikon_110e3188.json|"{""id"": ""2323322947"", ""owner"": ""70202166@N00"", ""title"": ""DSC_0707"", ""realname"": """", ""ownername"": ""黑麵之路‧不由分說"", ""datetaken"": ""2008-03-09 09:56:42"", ""max_width"": 489, ""max_height"": 736, ""url_max"": ""https://live.staticflickr.com/2118/2323322947_6fda098ced_c.jpg"", ""max_width_2000"": 489, ""max_height_2000"": 736, ""url_max_2000"": ""https://live.staticflickr.com/2118/2323322947_6fda098ced_c.jpg"", ""flickr_page"": ""https://www.flickr.com/photos/70202166@N00/2323322947"", ""camera"": ""Nikon D3"", ""create_date"": ""2008:03:09 09:56:42"", ""lens_model"": """", ""iso"": ""1600"", ""exposure_time"": ""1/200"", ""exposure_program"": ""Manual"", ""exposure_compensation"": ""0"", ""aperture"": ""3.5"", ""focal_length"": ""40.0 mm"", ""focal_length_in35mm"": ""40 mm"", ""white_balance"": ""Auto"", ""metering_mode"": ""Multi-segment"", ""flash"": ""No Flash"", ""pageid"": ""8126""}"
2323325095|70202166@N00|8126|Nikon D3|Nikon|70202166@N00_Nikon_110e3188.json|"{""id"": ""2323325095"", ""owner"": ""70202166@N00"", ""title"": ""DSC_0717"", ""realname"": """", ""ownername"": ""黑麵之路‧不由分說"", ""datetaken"": ""2008-03-09 09:57:20"", ""max_width"": 489, ""max_height"": 736, ""url_max"": ""https://live.staticflickr.com/3011/2323325095_5dea9818b6_c.jpg"", ""max_width_2000"": 489, ""max_height_2000"": 736, ""url_max_2000"": ""https://live.staticflickr.com/3011/2323325095_5dea9818b6_c.jpg"", ""flickr_page"": ""https://www.flickr.com/photos/70202166@N00/2323325095"", ""camera"": ""Nikon D3"", ""create_date"": ""2008:03:09 09:57:20"", ""lens_model"": """", ""iso"": ""1600"", ""exposure_time"": ""1/200"", ""exposure_program"": ""Manual"", ""exposure_compensation"": ""0"", ""aperture"": ""3.5"", ""focal_length"": ""56.0 mm"", ""focal_length_in35mm"": ""56 mm"", ""white_balance"": ""Auto"", ""metering_mode"": ""Multi-segment"", ""flash"": ""No Flash"", ""pageid"": ""8126""}"
2323322581|70202166@N00|8126|Nikon D3|Nikon|70202166@N00_Nikon_110e3188.json|"{""id"": ""2323322581"", ""owner"": ""70202166@N00"", ""title"": ""DSC_0705"", ""realname"": """", ""ownername"": ""黑麵之路‧不由分說"", ""datetaken"": ""2008-03-09 09:56:37"", ""max_width"": 489, ""max_height"": 736, ""url_max"": ""https://live.staticflickr.com/2417/2323322581_aabbdf7c0c_c.jpg"", ""max_width_2000"": 489, ""max_height_2000"": 736, ""url_max_2000"": ""https://live.staticflickr.com/2417/2323322581_aabbdf7c0c_c.jpg"", ""flickr_page"": ""https://www.flickr.com/photos/70202166@N00/2323322581"", ""camera"": ""Nikon D3"", ""create_date"": ""2008:03:09 09:56:37"", ""lens_model"": """", ""iso"": ""1600"", ""exposure_time"": ""1/200"", ""exposure_program"": ""Manual"", ""exposure_compensation"": ""0"", ""aperture"": ""3.5"", ""focal_length"": ""38.0 mm"", ""focal_length_in35mm"": ""38 mm"", ""white_balance"": ""Auto"", ""metering_mode"": ""Multi-segment"", ""flash"": ""No Flash"", ""pageid"": ""8126""}"
2323322765|70202166@N00|8126|Nikon D3|Nikon|70202166@N00_Nikon_110e3188.json|"{""id"": ""2323322765"", ""owner"": ""70202166@N00"", ""title"": ""DSC_0706"", ""realname"": """", ""ownername"": ""黑麵之路‧不由分說"", ""datetaken"": ""2008-03-09 09:56:40"", ""max_width"": 489, ""max_height"": 736, ""url_max"": ""https://live.staticflickr.com/2219/2323322765_457003ced2_c.jpg"", ""max_width_2000"": 489, ""max_height_2000"": 736, ""url_max_2000"": ""https://live.staticflickr.com/2219/2323322765_457003ced2_c.jpg"", ""flickr_page"": ""https://www.flickr.com/photos/70202166@N00/2323322765"", ""camera"": ""Nikon D3"", ""create_date"": ""2008:03:09 09:56:40"", ""lens_model"": """", ""iso"": ""1600"", ""exposure_time"": ""1/200"", ""exposure_program"": ""Manual"", ""exposure_compensation"": ""0"", ""aperture"": ""3.5"", ""focal_length"": ""36.0 mm"", ""focal_length_in35mm"": ""36 mm"", ""white_balance"": ""Auto"", ""metering_mode"": ""Multi-segment"", ""flash"": ""No Flash"", ""pageid"": ""8126""}"
2323323127|70202166@N00|8126|Nikon D3|Nikon|70202166@N00_Nikon_110e3188.json|"{""id"": ""2323323127"", ""owner"": ""70202166@N00"", ""title"": ""DSC_0708"", ""realname"": """", ""ownername"": ""黑麵之路‧不由分說"", ""datetaken"": ""2008-03-09 09:56:45"", ""max_width"": 489, ""max_height"": 736, ""url_max"": ""https://live.staticflickr.com/3053/2323323127_8e7c504508_c.jpg"", ""max_width_2000"": 489, ""max_height_2000"": 736, ""url_max_2000"": ""https://live.staticflickr.com/3053/2323323127_8e7c504508_c.jpg"", ""flickr_page"": ""https://www.flickr.com/photos/70202166@N00/2323323127"", ""camera"": ""Nikon D3"", ""create_date"": ""2008:03:09 09:56:45"", ""lens_model"": """", ""iso"": ""1600"", ""exposure_time"": ""1/200"", ""exposure_program"": ""Manual"", ""exposure_compensation"": ""0"", ""aperture"": ""3.5"", ""focal_length"": ""38.0 mm"", ""focal_length_in35mm"": ""38 mm"", ""white_balance"": ""Auto"", ""metering_mode"": ""Multi-segment"", ""flash"": ""No Flash"", ""pageid"": ""8126""}"
2323326337|70202166@N00|8126|Nikon D3|Nikon|70202166@N00_Nikon_110e3188.json|"{""id"": ""2323326337"", ""owner"": ""70202166@N00"", ""title"": ""DSC_0724"", ""realname"": """", ""ownername"": ""黑麵之路‧不由分說"", ""datetaken"": ""2008-03-09 09:57:50"", ""max_width"": 489, ""max_height"": 736, ""url_max"": ""https://live.staticflickr.com/2256/2323326337_98483f6390_c.jpg"", ""max_width_2000"": 489, ""max_height_2000"": 736, ""url_max_2000"": ""https://live.staticflickr.com/2256/2323326337_98483f6390_c.jpg"", ""flickr_page"": ""https://www.flickr.com/photos/70202166@N00/2323326337"", ""camera"": ""Nikon D3"", ""create_date"": ""2008:03:09 09:57:50"", ""lens_model"": """", ""iso"": ""1600"", ""exposure_time"": ""1/200"", ""exposure_program"": ""Manual"", ""exposure_compensation"": ""0"", ""aperture"": ""3.5"", ""focal_length"": ""70.0 mm"", ""focal_length_in35mm"": ""70 mm"", ""white_balance"": ""Auto"", ""metering_mode"": ""Multi-segment"", ""flash"": ""No Flash"", ""pageid"": ""8126""}"
2323326925|70202166@N00|8126|Nikon D3|Nikon|70202166@N00_Nikon_110e3188.json|"{""id"": ""2323326925"", ""owner"": ""70202166@N00"", ""title"": ""DSC_0727"", ""realname"": """", ""ownername"": ""黑麵之路‧不由分說"", ""datetaken"": ""2008-03-09 09:58:12"", ""max_width"": 736, ""max_height"": 489, ""url_max"": ""https://live.staticflickr.com/3216/2323326925_d44b292a89_c.jpg"", ""max_width_2000"": 736, ""max_height_2000"": 489, ""url_max_2000"": ""https://live.staticflickr.com/3216/2323326925_d44b292a89_c.jpg"", ""flickr_page"": ""https://www.flickr.com/photos/70202166@N00/2323326925"", ""camera"": ""Nikon D3"", ""create_date"": ""2008:03:09 09:58:12"", ""lens_model"": """", ""iso"": ""1600"", ""exposure_time"": ""1/200"", ""exposure_program"": ""Manual"", ""exposure_compensation"": ""0"", ""aperture"": ""3.5"", ""focal_length"": ""44.0 mm"", ""focal_length_in35mm"": ""44 mm"", ""white_balance"": ""Auto"", ""metering_mode"": ""Multi-segment"", ""flash"": ""No Flash"", ""pageid"": ""8126""}"
2323324005|70202166@N00|8126|Nikon D3|Nikon|70202166@N00_Nikon_110e3188.json|"{""id"": ""2323324005"", ""owner"": ""70202166@N00"", ""title"": ""DSC_0712"", ""realname"": """", ""ownername"": ""黑麵之路‧不由分說"", ""datetaken"": ""2008-03-09 09:57:01"", ""max_width"": 489, ""max_height"": 736, ""url_max"": ""https://live.staticflickr.com/2241/2323324005_731257d53f_c.jpg"", ""max_width_2000"": 489, ""max_height_2000"": 736, ""url_max_2000"": ""https://live.staticflickr.com/2241/2323324005_731257d53f_c.jpg"", ""flickr_page"": ""https://www.flickr.com/photos/70202166@N00/2323324005"", ""camera"": ""Nikon D3"", ""create_date"": ""2008:03:09 09:57:01"", ""lens_model"": """", ""iso"": ""1600"", ""exposure_time"": ""1/200"", ""exposure_program"": ""Manual"", ""exposure_compensation"": ""0"", ""aperture"": ""3.5"", ""focal_length"": ""56.0 mm"", ""focal_length_in35mm"": ""56 mm"", ""white_balance"": ""Auto"", ""metering_mode"": ""Multi-segment"", ""flash"": ""No Flash"", ""pageid"": ""8126""}"
2324140944|70202166@N00|8126|Nikon D3|Nikon|70202166@N00_Nikon_110e3188.json|"{""id"": ""2324140944"", ""owner"": ""70202166@N00"", ""title"": ""DSC_0710"", ""realname"": """", ""ownername"": ""黑麵之路‧不由分說"", ""datetaken"": ""2008-03-09 09:56:56"", ""max_width"": 489, ""max_height"": 736, ""url_max"": ""https://live.staticflickr.com/3203/2324140944_42b8acd95f_c.jpg"", ""max_width_2000"": 489, ""max_height_2000"": 736, ""url_max_2000"": ""https://live.staticflickr.com/3203/2324140944_42b8acd95f_c.jpg"", ""flickr_page"": ""https://www.flickr.com/photos/70202166@N00/2324140944"", ""camera"": ""Nikon D3"", ""create_date"": ""2008:03:09 09:56:56"", ""lens_model"": """", ""iso"": ""1600"", ""exposure_time"": ""1/200"", ""exposure_program"": ""Manual"", ""exposure_compensation"": ""0"", ""aperture"": ""3.5"", ""focal_length"": ""60.0 mm"", ""focal_length_in35mm"": ""60 mm"", ""white_balance"": ""Auto"", ""metering_mode"": ""Multi-segment"", ""flash"": ""No Flash"", ""pageid"": ""8126""}"
2324141832|70202166@N00|8126|Nikon D3|Nikon|70202166@N00_Nikon_110e3188.json|"{""id"": ""2324141832"", ""owner"": ""70202166@N00"", ""title"": ""DSC_0714"", ""realname"": """", ""ownername"": ""黑麵之路‧不由分說"", ""datetaken"": ""2008-03-09 09:57:06"", ""max_width"": 489, ""max_height"": 736, ""url_max"": ""https://live.staticflickr.com/2131/2324141832_9e63d3e4ef_c.jpg"", ""max_width_2000"": 489, ""max_height_2000"": 736, ""url_max_2000"": ""https://live.staticflickr.com/2131/2324141832_9e63d3e4ef_c.jpg"", ""flickr_page"": ""https://www.flickr.com/photos/70202166@N00/2324141832"", ""camera"": ""Nikon D3"", ""create_date"": ""2008:03:09 09:57:06"", ""lens_model"": """", ""iso"": ""1600"", ""exposure_time"": ""1/200"", ""exposure_program"": ""Manual"", ""exposure_compensation"": ""0"", ""aperture"": ""3.5"", ""focal_length"": ""56.0 mm"", ""focal_length_in35mm"": ""56 mm"", ""white_balance"": ""Auto"", ""metering_mode"": ""Multi-segment"", ""flash"": ""No Flash"", ""pageid"": ""8126""}"
2324142868|70202166@N00|8126|Nikon D3|Nikon|70202166@N00_Nikon_110e3188.json|"{""id"": ""2324142868"", ""owner"": ""70202166@N00"", ""title"": ""DSC_0720"", ""realname"": """", ""ownername"": ""黑麵之路‧不由分說"", ""datetaken"": ""2008-03-09 09:57:33"", ""max_width"": 736, ""max_height"": 489, ""url_max"": ""https://live.staticflickr.com/2234/2324142868_fcfef5562e_c.jpg"", ""max_width_2000"": 736, ""max_height_2000"": 489, ""url_max_2000"": ""https://live.staticflickr.com/2234/2324142868_fcfef5562e_c.jpg"", ""flickr_page"": ""https://www.flickr.com/photos/70202166@N00/2324142868"", ""camera"": ""Nikon D3"", ""create_date"": ""2008:03:09 09:57:33"", ""lens_model"": """", ""iso"": ""1600"", ""exposure_time"": ""1/200"", ""exposure_program"": ""Manual"", ""exposure_compensation"": ""0"", ""aperture"": ""3.5"", ""focal_length"": ""70.0 mm"", ""focal_length_in35mm"": ""70 mm"", ""white_balance"": ""Auto"", ""metering_mode"": ""Multi-segment"", ""flash"": ""No Flash"", ""pageid"": ""8126""}"
2324142690|70202166@N00|8126|Nikon D3|Nikon|70202166@N00_Nikon_110e3188.json|"{""id"": ""2324142690"", ""owner"": ""70202166@N00"", ""title"": ""DSC_0718"", ""realname"": """", ""ownername"": ""黑麵之路‧不由分說"", ""datetaken"": ""2008-03-09 09:57:24"", ""max_width"": 736, ""max_height"": 489, ""url_max"": ""https://live.staticflickr.com/2063/2324142690_914b1b20e8_c.jpg"", ""max_width_2000"": 736, ""max_height_2000"": 489, ""url_max_2000"": ""https://live.staticflickr.com/2063/2324142690_914b1b20e8_c.jpg"", ""flickr_page"": ""https://www.flickr.com/photos/70202166@N00/2324142690"", ""camera"": ""Nikon D3"", ""create_date"": ""2008:03:09 09:57:24"", ""lens_model"": """", ""iso"": ""1600"", ""exposure_time"": ""1/200"", ""exposure_program"": ""Manual"", ""exposure_compensation"": ""0"", ""aperture"": ""3.5"", ""focal_length"": ""70.0 mm"", ""focal_length_in35mm"": ""70 mm"", ""white_balance"": ""Auto"", ""metering_mode"": ""Multi-segment"", ""flash"": ""No Flash"", ""pageid"": ""8126""}"
2323327399|70202166@N00|8126|Nikon D3|Nikon|70202166@N00_Nikon_110e3188.json|"{""id"": ""2323327399"", ""owner"": ""70202166@N00"", ""title"": ""DSC_0729"", ""realname"": """", ""ownername"": ""黑麵之路‧不由分說"", ""datetaken"": ""2008-03-09 09:58:20"", ""max_width"": 489, ""max_height"": 736, ""url_max"": ""https://live.staticflickr.com/2127/2323327399_1488f134da_c.jpg"", ""max_width_2000"": 489, ""max_height_2000"": 736, ""url_max_2000"": ""https://live.staticflickr.com/2127/2323327399_1488f134da_c.jpg"", ""flickr_page"": ""https://www.flickr.com/photos/70202166@N00/2323327399"", ""camera"": ""Nikon D3"", ""create_date"": ""2008:03:09 09:58:20"", ""lens_model"": """", ""iso"": ""1600"", ""exposure_time"": ""1/200"", ""exposure_program"": ""Manual"", ""exposure_compensation"": ""0"", ""aperture"": ""3.5"", ""focal_length"": ""48.0 mm"", ""focal_length_in35mm"": ""48 mm"", ""white_balance"": ""Auto"", ""metering_mode"": ""Multi-segment"", ""flash"": ""No Flash"", ""pageid"": ""8126""}"
2324140744|70202166@N00|8126|Nikon D3|Nikon|70202166@N00_Nikon_110e3188.json|"{""id"": ""2324140744"", ""owner"": ""70202166@N00"", ""title"": ""DSC_0709"", ""realname"": """", ""ownername"": ""黑麵之路‧不由分說"", ""datetaken"": ""2008-03-09 09:56:47"", ""max_width"": 489, ""max_height"": 736, ""url_max"": ""https://live.staticflickr.com/2083/2324140744_211c4a1c6e_c.jpg"", ""max_width_2000"": 489, ""max_height_2000"": 736, ""url_max_2000"": ""https://live.staticflickr.com/2083/2324140744_211c4a1c6e_c.jpg"", ""flickr_page"": ""https://www.flickr.com/photos/70202166@N00/2324140744"", ""camera"": ""Nikon D3"", ""create_date"": ""2008:03:09 09:56:47"", ""lens_model"": """", ""iso"": ""1600"", ""exposure_time"": ""1/200"", ""exposure_program"": ""Manual"", ""exposure_compensation"": ""0"", ""aperture"": ""3.5"", ""focal_length"": ""38.0 mm"", ""focal_length_in35mm"": ""38 mm"", ""white_balance"": ""Auto"", ""metering_mode"": ""Multi-segment"", ""flash"": ""No Flash"", ""pageid"": ""8126""}"
2324142212|70202166@N00|8126|Nikon D3|Nikon|70202166@N00_Nikon_110e3188.json|"{""id"": ""2324142212"", ""owner"": ""70202166@N00"", ""title"": ""DSC_0716"", ""realname"": """", ""ownername"": ""黑麵之路‧不由分說"", ""datetaken"": ""2008-03-09 09:57:17"", ""max_width"": 489, ""max_height"": 736, ""url_max"": ""https://live.staticflickr.com/2220/2324142212_1e3340ebf6_c.jpg"", ""max_width_2000"": 489, ""max_height_2000"": 736, ""url_max_2000"": ""https://live.staticflickr.com/2220/2324142212_1e3340ebf6_c.jpg"", ""flickr_page"": ""https://www.flickr.com/photos/70202166@N00/2324142212"", ""camera"": ""Nikon D3"", ""create_date"": ""2008:03:09 09:57:17"", ""lens_model"": """", ""iso"": ""1600"", ""exposure_time"": ""1/200"", ""exposure_program"": ""Manual"", ""exposure_compensation"": ""0"", ""aperture"": ""3.5"", ""focal_length"": ""56.0 mm"", ""focal_length_in35mm"": ""56 mm"", ""white_balance"": ""Auto"", ""metering_mode"": ""Multi-segment"", ""flash"": ""No Flash"", ""pageid"": ""8126""}"
2324141164|70202166@N00|8126|Nikon D3|Nikon|70202166@N00_Nikon_110e3188.json|"{""id"": ""2324141164"", ""owner"": ""70202166@N00"", ""title"": ""DSC_0711"", ""realname"": """", ""ownername"": ""黑麵之路‧不由分說"", ""datetaken"": ""2008-03-09 09:56:58"", ""max_width"": 489, ""max_height"": 736, ""url_max"": ""https://live.staticflickr.com/2104/2324141164_356d7d4375_c.jpg"", ""max_width_2000"": 489, ""max_height_2000"": 736, ""url_max_2000"": ""https://live.staticflickr.com/2104/2324141164_356d7d4375_c.jpg"", ""flickr_page"": ""https://www.flickr.com/photos/70202166@N00/2324141164"", ""camera"": ""Nikon D3"", ""create_date"": ""2008:03:09 09:56:58"", ""lens_model"": """", ""iso"": ""1600"", ""exposure_time"": ""1/200"", ""exposure_program"": ""Manual"", ""exposure_compensation"": ""0"", ""aperture"": ""3.5"", ""focal_length"": ""56.0 mm"", ""focal_length_in35mm"": ""56 mm"", ""white_balance"": ""Auto"", ""metering_mode"": ""Multi-segment"", ""flash"": ""No Flash"", ""pageid"": ""8126""}"
2324142034|70202166@N00|8126|Nikon D3|Nikon|70202166@N00_Nikon_110e3188.json|"{""id"": ""2324142034"", ""owner"": ""70202166@N00"", ""title"": ""DSC_0715"", ""realname"": """", ""ownername"": ""黑麵之路‧不由分說"", ""datetaken"": ""2008-03-09 09:57:08"", ""max_width"": 489, ""max_height"": 736, ""url_max"": ""https://live.staticflickr.com/2331/2324142034_fc1246d859_c.jpg"", ""max_width_2000"": 489, ""max_height_2000"": 736, ""url_max_2000"": ""https://live.staticflickr.com/2331/2324142034_fc1246d859_c.jpg"", ""flickr_page"": ""https://www.flickr.com/photos/70202166@N00/2324142034"", ""camera"": ""Nikon D3"", ""create_date"": ""2008:03:09 09:57:08"", ""lens_model"": """", ""iso"": ""1600"", ""exposure_time"": ""1/200"", ""exposure_program"": ""Manual"", ""exposure_compensation"": ""0"", ""aperture"": ""3.5"", ""focal_length"": ""58.0 mm"", ""focal_length_in35mm"": ""58 mm"", ""white_balance"": ""Auto"", ""metering_mode"": ""Multi-segment"", ""flash"": ""No Flash"", ""pageid"": ""8126""}"
2324141632|70202166@N00|8126|Nikon D3|Nikon|70202166@N00_Nikon_110e3188.json|"{""id"": ""2324141632"", ""owner"": ""70202166@N00"", ""title"": ""DSC_0713"", ""realname"": """", ""ownername"": ""黑麵之路‧不由分說"", ""datetaken"": ""2008-03-09 09:57:02"", ""max_width"": 489, ""max_height"": 736, ""url_max"": ""https://live.staticflickr.com/3086/2324141632_88b3686192_c.jpg"", ""max_width_2000"": 489, ""max_height_2000"": 736, ""url_max_2000"": ""https://live.staticflickr.com/3086/2324141632_88b3686192_c.jpg"", ""flickr_page"": ""https://www.flickr.com/photos/70202166@N00/2324141632"", ""camera"": ""Nikon D3"", ""create_date"": ""2008:03:09 09:57:02"", ""lens_model"": """", ""iso"": ""1600"", ""exposure_time"": ""1/200"", ""exposure_program"": ""Manual"", ""exposure_compensation"": ""0"", ""aperture"": ""3.5"", ""focal_length"": ""56.0 mm"", ""focal_length_in35mm"": ""56 mm"", ""white_balance"": ""Auto"", ""metering_mode"": ""Multi-segment"", ""flash"": ""No Flash"", ""pageid"": ""8126""}"
2324143542|70202166@N00|8126|Nikon D3|Nikon|70202166@N00_Nikon_110e3188.json|"{""id"": ""2324143542"", ""owner"": ""70202166@N00"", ""title"": ""DSC_0723"", ""realname"": """", ""ownername"": ""黑麵之路‧不由分說"", ""datetaken"": ""2008-03-09 09:57:48"", ""max_width"": 489, ""max_height"": 736, ""url_max"": ""https://live.staticflickr.com/3105/2324143542_b017f6e12d_c.jpg"", ""max_width_2000"": 489, ""max_height_2000"": 736, ""url_max_2000"": ""https://live.staticflickr.com/3105/2324143542_b017f6e12d_c.jpg"", ""flickr_page"": ""https://www.flickr.com/photos/70202166@N00/2324143542"", ""camera"": ""Nikon D3"", ""create_date"": ""2008:03:09 09:57:48"", ""lens_model"": """", ""iso"": ""1600"", ""exposure_time"": ""1/200"", ""exposure_program"": ""Manual"", ""exposure_compensation"": ""0"", ""aperture"": ""3.5"", ""focal_length"": ""60.0 mm"", ""focal_length_in35mm"": ""60 mm"", ""white_balance"": ""Auto"", ""metering_mode"": ""Multi-segment"", ""flash"": ""No Flash"", ""pageid"": ""8126""}"
2324143934|70202166@N00|8126|Nikon D3|Nikon|70202166@N00_Nikon_110e3188.json|"{""id"": ""2324143934"", ""owner"": ""70202166@N00"", ""title"": ""DSC_0725"", ""realname"": """", ""ownername"": ""黑麵之路‧不由分說"", ""datetaken"": ""2008-03-09 09:57:54"", ""max_width"": 489, ""max_height"": 736, ""url_max"": ""https://live.staticflickr.com/2083/2324143934_a76c9a5bd1_c.jpg"", ""max_width_2000"": 489, ""max_height_2000"": 736, ""url_max_2000"": ""https://live.staticflickr.com/2083/2324143934_a76c9a5bd1_c.jpg"", ""flickr_page"": ""https://www.flickr.com/photos/70202166@N00/2324143934"", ""camera"": ""Nikon D3"", ""create_date"": ""2008:03:09 09:57:54"", ""lens_model"": """", ""iso"": ""1600"", ""exposure_time"": ""1/200"", ""exposure_program"": ""Manual"", ""exposure_compensation"": ""0"", ""aperture"": ""3.5"", ""focal_length"": ""60.0 mm"", ""focal_length_in35mm"": ""60 mm"", ""white_balance"": ""Auto"", ""metering_mode"": ""Multi-segment"", ""flash"": ""No Flash"", ""pageid"": ""8126""}"
2324143100|70202166@N00|8126|Nikon D3|Nikon|70202166@N00_Nikon_110e3188.json|"{""id"": ""2324143100"", ""owner"": ""70202166@N00"", ""title"": ""DSC_0721"", ""realname"": """", ""ownername"": ""黑麵之路‧不由分說"", ""datetaken"": ""2008-03-09 09:57:43"", ""max_width"": 489, ""max_height"": 736, ""url_max"": ""https://live.staticflickr.com/2419/2324143100_f43e227e3d_c.jpg"", ""max_width_2000"": 489, ""max_height_2000"": 736, ""url_max_2000"": ""https://live.staticflickr.com/2419/2324143100_f43e227e3d_c.jpg"", ""flickr_page"": ""https://www.flickr.com/photos/70202166@N00/2324143100"", ""camera"": ""Nikon D3"", ""create_date"": ""2008:03:09 09:57:43"", ""lens_model"": """", ""iso"": ""1600"", ""exposure_time"": ""1/200"", ""exposure_program"": ""Manual"", ""exposure_compensation"": ""0"", ""aperture"": ""3.5"", ""focal_length"": ""70.0 mm"", ""focal_length_in35mm"": ""70 mm"", ""white_balance"": ""Auto"", ""metering_mode"": ""Multi-segment"", ""flash"": ""No Flash"", ""pageid"": ""8126""}"
2324144136|70202166@N00|8126|Nikon D3|Nikon|70202166@N00_Nikon_110e3188.json|"{""id"": ""2324144136"", ""owner"": ""70202166@N00"", ""title"": ""DSC_0726"", ""realname"": """", ""ownername"": ""黑麵之路‧不由分說"", ""datetaken"": ""2008-03-09 09:57:57"", ""max_width"": 489, ""max_height"": 736, ""url_max"": ""https://live.staticflickr.com/3152/2324144136_b6ce302f51_c.jpg"", ""max_width_2000"": 489, ""max_height_2000"": 736, ""url_max_2000"": ""https://live.staticflickr.com/3152/2324144136_b6ce302f51_c.jpg"", ""flickr_page"": ""https://www.flickr.com/photos/70202166@N00/2324144136"", ""camera"": ""Nikon D3"", ""create_date"": ""2008:03:09 09:57:57"", ""lens_model"": """", ""iso"": ""1600"", ""exposure_time"": ""1/200"", ""exposure_program"": ""Manual"", ""exposure_compensation"": ""0"", ""aperture"": ""3.5"", ""focal_length"": ""70.0 mm"", ""focal_length_in35mm"": ""70 mm"", ""white_balance"": ""Auto"", ""metering_mode"": ""Multi-segment"", ""flash"": ""No Flash"", ""pageid"": ""8126""}"
2324143326|70202166@N00|8126|Nikon D3|Nikon|70202166@N00_Nikon_110e3188.json|"{""id"": ""2324143326"", ""owner"": ""70202166@N00"", ""title"": ""DSC_0722"", ""realname"": """", ""ownername"": ""黑麵之路‧不由分說"", ""datetaken"": ""2008-03-09 09:57:46"", ""max_width"": 489, ""max_height"": 736, ""url_max"": ""https://live.staticflickr.com/2079/2324143326_a168452ef6_c.jpg"", ""max_width_2000"": 489, ""max_height_2000"": 736, ""url_max_2000"": ""https://live.staticflickr.com/2079/2324143326_a168452ef6_c.jpg"", ""flickr_page"": ""https://www.flickr.com/photos/70202166@N00/2324143326"", ""camera"": ""Nikon D3"", ""create_date"": ""2008:03:09 09:57:46"", ""lens_model"": """", ""iso"": ""1600"", ""exposure_time"": ""1/200"", ""exposure_program"": ""Manual"", ""exposure_compensation"": ""0"", ""aperture"": ""3.5"", ""focal_length"": ""70.0 mm"", ""focal_length_in35mm"": ""70 mm"", ""white_balance"": ""Auto"", ""metering_mode"": ""Multi-segment"", ""flash"": ""No Flash"", ""pageid"": ""8126""}"
2323317157|70202166@N00|8127|Nikon D3|Nikon|70202166@N00_Nikon_110e3188.json|"{""id"": ""2323317157"", ""owner"": ""70202166@N00"", ""title"": ""DSC_0679"", ""realname"": """", ""ownername"": ""黑麵之路‧不由分說"", ""datetaken"": ""2008-03-09 09:47:55"", ""max_width"": 489, ""max_height"": 736, ""url_max"": ""https://live.staticflickr.com/2034/2323317157_8b81f0bd2d_c.jpg"", ""max_width_2000"": 489, ""max_height_2000"": 736, ""url_max_2000"": ""https://live.staticflickr.com/2034/2323317157_8b81f0bd2d_c.jpg"", ""flickr_page"": ""https://www.flickr.com/photos/70202166@N00/2323317157"", ""camera"": ""Nikon D3"", ""create_date"": ""2008:03:09 09:47:55"", ""lens_model"": """", ""iso"": ""1600"", ""exposure_time"": ""1/80"", ""exposure_program"": ""Manual"", ""exposure_compensation"": ""0"", ""aperture"": ""3.5"", ""focal_length"": ""58.0 mm"", ""focal_length_in35mm"": ""58 mm"", ""white_balance"": ""Auto"", ""metering_mode"": ""Multi-segment"", ""flash"": ""No Flash"", ""pageid"": ""8127""}"
2323318013|70202166@N00|8127|Nikon D3|Nikon|70202166@N00_Nikon_110e3188.json|"{""id"": ""2323318013"", ""owner"": ""70202166@N00"", ""title"": ""DSC_0683"", ""realname"": """", ""ownername"": ""黑麵之路‧不由分說"", ""datetaken"": ""2008-03-09 09:48:06"", ""max_width"": 736, ""max_height"": 489, ""url_max"": ""https://live.staticflickr.com/3110/2323318013_1b5123d9cb_c.jpg"", ""max_width_2000"": 736, ""max_height_2000"": 489, ""url_max_2000"": ""https://live.staticflickr.com/3110/2323318013_1b5123d9cb_c.jpg"", ""flickr_page"": ""https://www.flickr.com/photos/70202166@N00/2323318013"", ""camera"": ""Nikon D3"", ""create_date"": ""2008:03:09 09:48:06"", ""lens_model"": """", ""iso"": ""1600"", ""exposure_time"": ""1/80"", ""exposure_program"": ""Manual"", ""exposure_compensation"": ""0"", ""aperture"": ""3.5"", ""focal_length"": ""70.0 mm"", ""focal_length_in35mm"": ""70 mm"", ""white_balance"": ""Auto"", ""metering_mode"": ""Multi-segment"", ""flash"": ""No Flash"", ""pageid"": ""8127""}"
2323317379|70202166@N00|8127|Nikon D3|Nikon|70202166@N00_Nikon_110e3188.json|"{""id"": ""2323317379"", ""owner"": ""70202166@N00"", ""title"": ""DSC_0680"", ""realname"": """", ""ownername"": ""黑麵之路‧不由分說"", ""datetaken"": ""2008-03-09 09:47:57"", ""max_width"": 489, ""max_height"": 736, ""url_max"": ""https://live.staticflickr.com/2068/2323317379_49796456bb_c.jpg"", ""max_width_2000"": 489, ""max_height_2000"": 736, ""url_max_2000"": ""https://live.staticflickr.com/2068/2323317379_49796456bb_c.jpg"", ""flickr_page"": ""https://www.flickr.com/photos/70202166@N00/2323317379"", ""camera"": ""Nikon D3"", ""create_date"": ""2008:03:09 09:47:57"", ""lens_model"": """", ""iso"": ""1600"", ""exposure_time"": ""1/80"", ""exposure_program"": ""Manual"", ""exposure_compensation"": ""0"", ""aperture"": ""3.5"", ""focal_length"": ""55.0 mm"", ""focal_length_in35mm"": ""55 mm"", ""white_balance"": ""Auto"", ""metering_mode"": ""Multi-segment"", ""flash"": ""No Flash"", ""pageid"": ""8127""}"
2323317775|70202166@N00|8127|Nikon D3|Nikon|70202166@N00_Nikon_110e3188.json|"{""id"": ""2323317775"", ""owner"": ""70202166@N00"", ""title"": ""DSC_0682"", ""realname"": """", ""ownername"": ""黑麵之路‧不由分說"", ""datetaken"": ""2008-03-09 09:48:02"", ""max_width"": 489, ""max_height"": 736, ""url_max"": ""https://live.staticflickr.com/3049/2323317775_4daff7bd2e_c.jpg"", ""max_width_2000"": 489, ""max_height_2000"": 736, ""url_max_2000"": ""https://live.staticflickr.com/3049/2323317775_4daff7bd2e_c.jpg"", ""flickr_page"": ""https://www.flickr.com/photos/70202166@N00/2323317775"", ""camera"": ""Nikon D3"", ""create_date"": ""2008:03:09 09:48:02"", ""lens_model"": """", ""iso"": ""1600"", ""exposure_time"": ""1/80"", ""exposure_program"": ""Manual"", ""exposure_compensation"": ""0"", ""aperture"": ""3.5"", ""focal_length"": ""56.0 mm"", ""focal_length_in35mm"": ""56 mm"", ""white_balance"": ""Auto"", ""metering_mode"": ""Multi-segment"", ""flash"": ""No Flash"", ""pageid"": ""8127""}"
2323318591|70202166@N00|8127|Nikon D3|Nikon|70202166@N00_Nikon_110e3188.json|"{""id"": ""2323318591"", ""owner"": ""70202166@N00"", ""title"": ""DSC_0686"", ""realname"": """", ""ownername"": ""黑麵之路‧不由分說"", ""datetaken"": ""2008-03-09 09:48:26"", ""max_width"": 489, ""max_height"": 736, ""url_max"": ""https://live.staticflickr.com/2378/2323318591_b425132120_c.jpg"", ""max_width_2000"": 489, ""max_height_2000"": 736, ""url_max_2000"": ""https://live.staticflickr.com/2378/2323318591_b425132120_c.jpg"", ""flickr_page"": ""https://www.flickr.com/photos/70202166@N00/2323318591"", ""camera"": ""Nikon D3"", ""create_date"": ""2008:03:09 09:48:26"", ""lens_model"": """", ""iso"": ""1600"", ""exposure_time"": ""1/80"", ""exposure_program"": ""Manual"", ""exposure_compensation"": ""0"", ""aperture"": ""3.5"", ""focal_length"": ""35.0 mm"", ""focal_length_in35mm"": ""35 mm"", ""white_balance"": ""Auto"", ""metering_mode"": ""Multi-segment"", ""flash"": ""No Flash"", ""pageid"": ""8127""}"
2323320109|70202166@N00|8127|Nikon D3|Nikon|70202166@N00_Nikon_110e3188.json|"{""id"": ""2323320109"", ""owner"": ""70202166@N00"", ""title"": ""DSC_0693"", ""realname"": """", ""ownername"": ""黑麵之路‧不由分說"", ""datetaken"": ""2008-03-09 09:56:03"", ""max_width"": 489, ""max_height"": 736, ""url_max"": ""https://live.staticflickr.com/3280/2323320109_eb94ff978a_c.jpg"", ""max_width_2000"": 489, ""max_height_2000"": 736, ""url_max_2000"": ""https://live.staticflickr.com/3280/2323320109_eb94ff978a_c.jpg"", ""flickr_page"": ""https://www.flickr.com/photos/70202166@N00/2323320109"", ""camera"": ""Nikon D3"", ""create_date"": ""2008:03:09 09:56:03"", ""lens_model"": """", ""iso"": ""1600"", ""exposure_time"": ""1/200"", ""exposure_program"": ""Manual"", ""exposure_compensation"": ""0"", ""aperture"": ""3.5"", ""focal_length"": ""66.0 mm"", ""focal_length_in35mm"": ""66 mm"", ""white_balance"": ""Auto"", ""metering_mode"": ""Multi-segment"", ""flash"": ""No Flash"", ""pageid"": ""8127""}"
2323319299|70202166@N00|8127|Nikon D3|Nikon|70202166@N00_Nikon_110e3188.json|"{""id"": ""2323319299"", ""owner"": ""70202166@N00"", ""title"": ""DSC_0689"", ""realname"": """", ""ownername"": ""黑麵之路‧不由分說"", ""datetaken"": ""2008-03-09 09:48:38"", ""max_width"": 489, ""max_height"": 736, ""url_max"": ""https://live.staticflickr.com/3259/2323319299_5b8774d8c4_c.jpg"", ""max_width_2000"": 489, ""max_height_2000"": 736, ""url_max_2000"": ""https://live.staticflickr.com/3259/2323319299_5b8774d8c4_c.jpg"", ""flickr_page"": ""https://www.flickr.com/photos/70202166@N00/2323319299"", ""camera"": ""Nikon D3"", ""create_date"": ""2008:03:09 09:48:38"", ""lens_model"": """", ""iso"": ""1600"", ""exposure_time"": ""1/80"", ""exposure_program"": ""Manual"", ""exposure_compensation"": ""0"", ""aperture"": ""3.5"", ""focal_length"": ""62.0 mm"", ""focal_length_in35mm"": ""62 mm"", ""white_balance"": ""Auto"", ""metering_mode"": ""Multi-segment"", ""flash"": ""No Flash"", ""pageid"": ""8127""}"
2323320907|70202166@N00|8127|Nikon D3|Nikon|70202166@N00_Nikon_110e3188.json|"{""id"": ""2323320907"", ""owner"": ""70202166@N00"", ""title"": ""DSC_0697"", ""realname"": """", ""ownername"": ""黑麵之路‧不由分說"", ""datetaken"": ""2008-03-09 09:56:13"", ""max_width"": 489, ""max_height"": 736, ""url_max"": ""https://live.staticflickr.com/2179/2323320907_17ab2c7aac_c.jpg"", ""max_width_2000"": 489, ""max_height_2000"": 736, ""url_max_2000"": ""https://live.staticflickr.com/2179/2323320907_17ab2c7aac_c.jpg"", ""flickr_page"": ""https://www.flickr.com/photos/70202166@N00/2323320907"", ""camera"": ""Nikon D3"", ""create_date"": ""2008:03:09 09:56:13"", ""lens_model"": """", ""iso"": ""1600"", ""exposure_time"": ""1/200"", ""exposure_program"": ""Manual"", ""exposure_compensation"": ""0"", ""aperture"": ""3.5"", ""focal_length"": ""70.0 mm"", ""focal_length_in35mm"": ""70 mm"", ""white_balance"": ""Auto"", ""metering_mode"": ""Multi-segment"", ""flash"": ""No Flash"", ""pageid"": ""8127""}"
2323321095|70202166@N00|8127|Nikon D3|Nikon|70202166@N00_Nikon_110e3188.json|"{""id"": ""2323321095"", ""owner"": ""70202166@N00"", ""title"": ""DSC_0698"", ""realname"": """", ""ownername"": ""黑麵之路‧不由分說"", ""datetaken"": ""2008-03-09 09:56:14"", ""max_width"": 489, ""max_height"": 736, ""url_max"": ""https://live.staticflickr.com/3223/2323321095_546df6f7f7_c.jpg"", ""max_width_2000"": 489, ""max_height_2000"": 736, ""url_max_2000"": ""https://live.staticflickr.com/3223/2323321095_546df6f7f7_c.jpg"", ""flickr_page"": ""https://www.flickr.com/photos/70202166@N00/2323321095"", ""camera"": ""Nikon D3"", ""create_date"": ""2008:03:09 09:56:14"", ""lens_model"": """", ""iso"": ""1600"", ""exposure_time"": ""1/200"", ""exposure_program"": ""Manual"", ""exposure_compensation"": ""0"", ""aperture"": ""3.5"", ""focal_length"": ""62.0 mm"", ""focal_length_in35mm"": ""62 mm"", ""white_balance"": ""Auto"", ""metering_mode"": ""Multi-segment"", ""flash"": ""No Flash"", ""pageid"": ""8127""}"
2323319091|70202166@N00|8127|Nikon D3|Nikon|70202166@N00_Nikon_110e3188.json|"{""id"": ""2323319091"", ""owner"": ""70202166@N00"", ""title"": ""DSC_0688"", ""realname"": """", ""ownername"": ""黑麵之路‧不由分說"", ""datetaken"": ""2008-03-09 09:48:32"", ""max_width"": 489, ""max_height"": 736, ""url_max"": ""https://live.staticflickr.com/3012/2323319091_3c887f762e_c.jpg"", ""max_width_2000"": 489, ""max_height_2000"": 736, ""url_max_2000"": ""https://live.staticflickr.com/3012/2323319091_3c887f762e_c.jpg"", ""flickr_page"": ""https://www.flickr.com/photos/70202166@N00/2323319091"", ""camera"": ""Nikon D3"", ""create_date"": ""2008:03:09 09:48:32"", ""lens_model"": """", ""iso"": ""1600"", ""exposure_time"": ""1/80"", ""exposure_program"": ""Manual"", ""exposure_compensation"": ""0"", ""aperture"": ""3.5"", ""focal_length"": ""32.0 mm"", ""focal_length_in35mm"": ""32 mm"", ""white_balance"": ""Auto"", ""metering_mode"": ""Multi-segment"", ""flash"": ""No Flash"", ""pageid"": ""8127""}"
2324134904|70202166@N00|8127|Nikon D3|Nikon|70202166@N00_Nikon_110e3188.json|"{""id"": ""2324134904"", ""owner"": ""70202166@N00"", ""title"": ""DSC_0681"", ""realname"": """", ""ownername"": ""黑麵之路‧不由分說"", ""datetaken"": ""2008-03-09 09:47:59"", ""max_width"": 489, ""max_height"": 736, ""url_max"": ""https://live.staticflickr.com/2179/2324134904_0b5da67f16_c.jpg"", ""max_width_2000"": 489, ""max_height_2000"": 736, ""url_max_2000"": ""https://live.staticflickr.com/2179/2324134904_0b5da67f16_c.jpg"", ""flickr_page"": ""https://www.flickr.com/photos/70202166@N00/2324134904"", ""camera"": ""Nikon D3"", ""create_date"": ""2008:03:09 09:47:59"", ""lens_model"": """", ""iso"": ""1600"", ""exposure_time"": ""1/80"", ""exposure_program"": ""Manual"", ""exposure_compensation"": ""0"", ""aperture"": ""3.5"", ""focal_length"": ""56.0 mm"", ""focal_length_in35mm"": ""56 mm"", ""white_balance"": ""Auto"", ""metering_mode"": ""Multi-segment"", ""flash"": ""No Flash"", ""pageid"": ""8127""}"
2323321973|70202166@N00|8127|Nikon D3|Nikon|70202166@N00_Nikon_110e3188.json|"{""id"": ""2323321973"", ""owner"": ""70202166@N00"", ""title"": ""DSC_0702"", ""realname"": """", ""ownername"": ""黑麵之路‧不由分說"", ""datetaken"": ""2008-03-09 09:56:29"", ""max_width"": 489, ""max_height"": 736, ""url_max"": ""https://live.staticflickr.com/2097/2323321973_e8bb859447_c.jpg"", ""max_width_2000"": 489, ""max_height_2000"": 736, ""url_max_2000"": ""https://live.staticflickr.com/2097/2323321973_e8bb859447_c.jpg"", ""flickr_page"": ""https://www.flickr.com/photos/70202166@N00/2323321973"", ""camera"": ""Nikon D3"", ""create_date"": ""2008:03:09 09:56:29"", ""lens_model"": """", ""iso"": ""1600"", ""exposure_time"": ""1/200"", ""exposure_program"": ""Manual"", ""exposure_compensation"": ""0"", ""aperture"": ""3.5"", ""focal_length"": ""44.0 mm"", ""focal_length_in35mm"": ""44 mm"", ""white_balance"": ""Auto"", ""metering_mode"": ""Multi-segment"", ""flash"": ""No Flash"", ""pageid"": ""8127""}"
2323321333|70202166@N00|8127|Nikon D3|Nikon|70202166@N00_Nikon_110e3188.json|"{""id"": ""2323321333"", ""owner"": ""70202166@N00"", ""title"": ""DSC_0699"", ""realname"": """", ""ownername"": ""黑麵之路‧不由分說"", ""datetaken"": ""2008-03-09 09:56:18"", ""max_width"": 489, ""max_height"": 736, ""url_max"": ""https://live.staticflickr.com/3153/2323321333_df4b0a1c73_c.jpg"", ""max_width_2000"": 489, ""max_height_2000"": 736, ""url_max_2000"": ""https://live.staticflickr.com/3153/2323321333_df4b0a1c73_c.jpg"", ""flickr_page"": ""https://www.flickr.com/photos/70202166@N00/2323321333"", ""camera"": ""Nikon D3"", ""create_date"": ""2008:03:09 09:56:18"", ""lens_model"": """", ""iso"": ""1600"", ""exposure_time"": ""1/200"", ""exposure_program"": ""Manual"", ""exposure_compensation"": ""0"", ""aperture"": ""3.5"", ""focal_length"": ""70.0 mm"", ""focal_length_in35mm"": ""70 mm"", ""white_balance"": ""Auto"", ""metering_mode"": ""Multi-segment"", ""flash"": ""No Flash"", ""pageid"": ""8127""}"
2323322177|70202166@N00|8127|Nikon D3|Nikon|70202166@N00_Nikon_110e3188.json|"{""id"": ""2323322177"", ""owner"": ""70202166@N00"", ""title"": ""DSC_0703"", ""realname"": """", ""ownername"": ""黑麵之路‧不由分說"", ""datetaken"": ""2008-03-09 09:56:32"", ""max_width"": 489, ""max_height"": 736, ""url_max"": ""https://live.staticflickr.com/2367/2323322177_a37fbff5c4_c.jpg"", ""max_width_2000"": 489, ""max_height_2000"": 736, ""url_max_2000"": ""https://live.staticflickr.com/2367/2323322177_a37fbff5c4_c.jpg"", ""flickr_page"": ""https://www.flickr.com/photos/70202166@N00/2323322177"", ""camera"": ""Nikon D3"", ""create_date"": ""2008:03:09 09:56:32"", ""lens_model"": """", ""iso"": ""1600"", ""exposure_time"": ""1/200"", ""exposure_program"": ""Manual"", ""exposure_compensation"": ""0"", ""aperture"": ""3.5"", ""focal_length"": ""70.0 mm"", ""focal_length_in35mm"": ""70 mm"", ""white_balance"": ""Auto"", ""metering_mode"": ""Multi-segment"", ""flash"": ""No Flash"", ""pageid"": ""8127""}"
2323321523|70202166@N00|8127|Nikon D3|Nikon|70202166@N00_Nikon_110e3188.json|"{""id"": ""2323321523"", ""owner"": ""70202166@N00"", ""title"": ""DSC_0700"", ""realname"": """", ""ownername"": ""黑麵之路‧不由分說"", ""datetaken"": ""2008-03-09 09:56:22"", ""max_width"": 489, ""max_height"": 736, ""url_max"": ""https://live.staticflickr.com/3067/2323321523_ca05b8c71d_c.jpg"", ""max_width_2000"": 489, ""max_height_2000"": 736, ""url_max_2000"": ""https://live.staticflickr.com/3067/2323321523_ca05b8c71d_c.jpg"", ""flickr_page"": ""https://www.flickr.com/photos/70202166@N00/2323321523"", ""camera"": ""Nikon D3"", ""create_date"": ""2008:03:09 09:56:22"", ""lens_model"": """", ""iso"": ""1600"", ""exposure_time"": ""1/200"", ""exposure_program"": ""Manual"", ""exposure_compensation"": ""0"", ""aperture"": ""3.5"", ""focal_length"": ""55.0 mm"", ""focal_length_in35mm"": ""55 mm"", ""white_balance"": ""Auto"", ""metering_mode"": ""Multi-segment"", ""flash"": ""No Flash"", ""pageid"": ""8127""}"
2324135768|70202166@N00|8127|Nikon D3|Nikon|70202166@N00_Nikon_110e3188.json|"{""id"": ""2324135768"", ""owner"": ""70202166@N00"", ""title"": ""DSC_0685"", ""realname"": """", ""ownername"": ""黑麵之路‧不由分說"", ""datetaken"": ""2008-03-09 09:48:13"", ""max_width"": 736, ""max_height"": 489, ""url_max"": ""https://live.staticflickr.com/3246/2324135768_d6366d161f_c.jpg"", ""max_width_2000"": 736, ""max_height_2000"": 489, ""url_max_2000"": ""https://live.staticflickr.com/3246/2324135768_d6366d161f_c.jpg"", ""flickr_page"": ""https://www.flickr.com/photos/70202166@N00/2324135768"", ""camera"": ""Nikon D3"", ""create_date"": ""2008:03:09 09:48:13"", ""lens_model"": """", ""iso"": ""1600"", ""exposure_time"": ""1/80"", ""exposure_program"": ""Manual"", ""exposure_compensation"": ""0"", ""aperture"": ""3.5"", ""focal_length"": ""70.0 mm"", ""focal_length_in35mm"": ""70 mm"", ""white_balance"": ""Auto"", ""metering_mode"": ""Multi-segment"", ""flash"": ""No Flash"", ""pageid"": ""8127""}"
2324135530|70202166@N00|8127|Nikon D3|Nikon|70202166@N00_Nikon_110e3188.json|"{""id"": ""2324135530"", ""owner"": ""70202166@N00"", ""title"": ""DSC_0684"", ""realname"": """", ""ownername"": ""黑麵之路‧不由分說"", ""datetaken"": ""2008-03-09 09:48:09"", ""max_width"": 736, ""max_height"": 489, ""url_max"": ""https://live.staticflickr.com/3095/2324135530_b82f1ec415_c.jpg"", ""max_width_2000"": 736, ""max_height_2000"": 489, ""url_max_2000"": ""https://live.staticflickr.com/3095/2324135530_b82f1ec415_c.jpg"", ""flickr_page"": ""https://www.flickr.com/photos/70202166@N00/2324135530"", ""camera"": ""Nikon D3"", ""create_date"": ""2008:03:09 09:48:09"", ""lens_model"": """", ""iso"": ""1600"", ""exposure_time"": ""1/80"", ""exposure_program"": ""Manual"", ""exposure_compensation"": ""0"", ""aperture"": ""3.5"", ""focal_length"": ""70.0 mm"", ""focal_length_in35mm"": ""70 mm"", ""white_balance"": ""Auto"", ""metering_mode"": ""Multi-segment"", ""flash"": ""No Flash"", ""pageid"": ""8127""}"
2324136734|70202166@N00|8127|Nikon D3|Nikon|70202166@N00_Nikon_110e3188.json|"{""id"": ""2324136734"", ""owner"": ""70202166@N00"", ""title"": ""DSC_0690"", ""realname"": """", ""ownername"": ""黑麵之路‧不由分說"", ""datetaken"": ""2008-03-09 09:48:46"", ""max_width"": 489, ""max_height"": 736, ""url_max"": ""https://live.staticflickr.com/3178/2324136734_9b25c7e740_c.jpg"", ""max_width_2000"": 489, ""max_height_2000"": 736, ""url_max_2000"": ""https://live.staticflickr.com/3178/2324136734_9b25c7e740_c.jpg"", ""flickr_page"": ""https://www.flickr.com/photos/70202166@N00/2324136734"", ""camera"": ""Nikon D3"", ""create_date"": ""2008:03:09 09:48:46"", ""lens_model"": """", ""iso"": ""1600"", ""exposure_time"": ""1/80"", ""exposure_program"": ""Manual"", ""exposure_compensation"": ""0"", ""aperture"": ""3.5"", ""focal_length"": ""55.0 mm"", ""focal_length_in35mm"": ""55 mm"", ""white_balance"": ""Auto"", ""metering_mode"": ""Multi-segment"", ""flash"": ""No Flash"", ""pageid"": ""8127""}"
2324136194|70202166@N00|8127|Nikon D3|Nikon|70202166@N00_Nikon_110e3188.json|"{""id"": ""2324136194"", ""owner"": ""70202166@N00"", ""title"": ""DSC_0687"", ""realname"": """", ""ownername"": ""黑麵之路‧不由分說"", ""datetaken"": ""2008-03-09 09:48:28"", ""max_width"": 489, ""max_height"": 736, ""url_max"": ""https://live.staticflickr.com/2337/2324136194_1f7eac81d2_c.jpg"", ""max_width_2000"": 489, ""max_height_2000"": 736, ""url_max_2000"": ""https://live.staticflickr.com/2337/2324136194_1f7eac81d2_c.jpg"", ""flickr_page"": ""https://www.flickr.com/photos/70202166@N00/2324136194"", ""camera"": ""Nikon D3"", ""create_date"": ""2008:03:09 09:48:28"", ""lens_model"": """", ""iso"": ""1600"", ""exposure_time"": ""1/80"", ""exposure_program"": ""Manual"", ""exposure_compensation"": ""0"", ""aperture"": ""3.5"", ""focal_length"": ""35.0 mm"", ""focal_length_in35mm"": ""35 mm"", ""white_balance"": ""Auto"", ""metering_mode"": ""Multi-segment"", ""flash"": ""No Flash"", ""pageid"": ""8127""}"
2324136960|70202166@N00|8127|Nikon D3|Nikon|70202166@N00_Nikon_110e3188.json|"{""id"": ""2324136960"", ""owner"": ""70202166@N00"", ""title"": ""DSC_0691"", ""realname"": """", ""ownername"": ""黑麵之路‧不由分說"", ""datetaken"": ""2008-03-09 09:55:52"", ""max_width"": 489, ""max_height"": 736, ""url_max"": ""https://live.staticflickr.com/3086/2324136960_0860af4399_c.jpg"", ""max_width_2000"": 489, ""max_height_2000"": 736, ""url_max_2000"": ""https://live.staticflickr.com/3086/2324136960_0860af4399_c.jpg"", ""flickr_page"": ""https://www.flickr.com/photos/70202166@N00/2324136960"", ""camera"": ""Nikon D3"", ""create_date"": ""2008:03:09 09:55:52"", ""lens_model"": """", ""iso"": ""1600"", ""exposure_time"": ""1/80"", ""exposure_program"": ""Manual"", ""exposure_compensation"": ""0"", ""aperture"": ""3.5"", ""focal_length"": ""70.0 mm"", ""focal_length_in35mm"": ""70 mm"", ""white_balance"": ""Auto"", ""metering_mode"": ""Multi-segment"", ""flash"": ""No Flash"", ""pageid"": ""8127""}"
2324137610|70202166@N00|8127|Nikon D3|Nikon|70202166@N00_Nikon_110e3188.json|"{""id"": ""2324137610"", ""owner"": ""70202166@N00"", ""title"": ""DSC_0694"", ""realname"": """", ""ownername"": ""黑麵之路‧不由分說"", ""datetaken"": ""2008-03-09 09:56:05"", ""max_width"": 489, ""max_height"": 736, ""url_max"": ""https://live.staticflickr.com/3073/2324137610_3b3700188b_c.jpg"", ""max_width_2000"": 489, ""max_height_2000"": 736, ""url_max_2000"": ""https://live.staticflickr.com/3073/2324137610_3b3700188b_c.jpg"", ""flickr_page"": ""https://www.flickr.com/photos/70202166@N00/2324137610"", ""camera"": ""Nikon D3"", ""create_date"": ""2008:03:09 09:56:05"", ""lens_model"": """", ""iso"": ""1600"", ""exposure_time"": ""1/200"", ""exposure_program"": ""Manual"", ""exposure_compensation"": ""0"", ""aperture"": ""3.5"", ""focal_length"": ""70.0 mm"", ""focal_length_in35mm"": ""70 mm"", ""white_balance"": ""Auto"", ""metering_mode"": ""Multi-segment"", ""flash"": ""No Flash"", ""pageid"": ""8127""}"
2324137154|70202166@N00|8127|Nikon D3|Nikon|70202166@N00_Nikon_110e3188.json|"{""id"": ""2324137154"", ""owner"": ""70202166@N00"", ""title"": ""DSC_0692"", ""realname"": """", ""ownername"": ""黑麵之路‧不由分說"", ""datetaken"": ""2008-03-09 09:55:59"", ""max_width"": 489, ""max_height"": 736, ""url_max"": ""https://live.staticflickr.com/3262/2324137154_22164cdfd2_c.jpg"", ""max_width_2000"": 489, ""max_height_2000"": 736, ""url_max_2000"": ""https://live.staticflickr.com/3262/2324137154_22164cdfd2_c.jpg"", ""flickr_page"": ""https://www.flickr.com/photos/70202166@N00/2324137154"", ""camera"": ""Nikon D3"", ""create_date"": ""2008:03:09 09:55:59"", ""lens_model"": """", ""iso"": ""1600"", ""exposure_time"": ""1/160"", ""exposure_program"": ""Manual"", ""exposure_compensation"": ""0"", ""aperture"": ""3.5"", ""focal_length"": ""70.0 mm"", ""focal_length_in35mm"": ""70 mm"", ""white_balance"": ""Auto"", ""metering_mode"": ""Multi-segment"", ""flash"": ""No Flash"", ""pageid"": ""8127""}"
2324137976|70202166@N00|8127|Nikon D3|Nikon|70202166@N00_Nikon_110e3188.json|"{""id"": ""2324137976"", ""owner"": ""70202166@N00"", ""title"": ""DSC_0696"", ""realname"": """", ""ownername"": ""黑麵之路‧不由分說"", ""datetaken"": ""2008-03-09 09:56:11"", ""max_width"": 489, ""max_height"": 736, ""url_max"": ""https://live.staticflickr.com/3163/2324137976_735f63f953_c.jpg"", ""max_width_2000"": 489, ""max_height_2000"": 736, ""url_max_2000"": ""https://live.staticflickr.com/3163/2324137976_735f63f953_c.jpg"", ""flickr_page"": ""https://www.flickr.com/photos/70202166@N00/2324137976"", ""camera"": ""Nikon D3"", ""create_date"": ""2008:03:09 09:56:11"", ""lens_model"": """", ""iso"": ""1600"", ""exposure_time"": ""1/200"", ""exposure_program"": ""Manual"", ""exposure_compensation"": ""0"", ""aperture"": ""3.5"", ""focal_length"": ""62.0 mm"", ""focal_length_in35mm"": ""62 mm"", ""white_balance"": ""Auto"", ""metering_mode"": ""Multi-segment"", ""flash"": ""No Flash"", ""pageid"": ""8127""}"
2324139068|70202166@N00|8127|Nikon D3|Nikon|70202166@N00_Nikon_110e3188.json|"{""id"": ""2324139068"", ""owner"": ""70202166@N00"", ""title"": ""DSC_0701"", ""realname"": """", ""ownername"": ""黑麵之路‧不由分說"", ""datetaken"": ""2008-03-09 09:56:26"", ""max_width"": 489, ""max_height"": 736, ""url_max"": ""https://live.staticflickr.com/3136/2324139068_c418480ae0_c.jpg"", ""max_width_2000"": 489, ""max_height_2000"": 736, ""url_max_2000"": ""https://live.staticflickr.com/3136/2324139068_c418480ae0_c.jpg"", ""flickr_page"": ""https://www.flickr.com/photos/70202166@N00/2324139068"", ""camera"": ""Nikon D3"", ""create_date"": ""2008:03:09 09:56:26"", ""lens_model"": """", ""iso"": ""1600"", ""exposure_time"": ""1/200"", ""exposure_program"": ""Manual"", ""exposure_compensation"": ""0"", ""aperture"": ""3.5"", ""focal_length"": ""58.0 mm"", ""focal_length_in35mm"": ""58 mm"", ""white_balance"": ""Auto"", ""metering_mode"": ""Multi-segment"", ""flash"": ""No Flash"", ""pageid"": ""8127""}"
